# (c) BaRkiNg DOG studios 2002
00000022 WorldInfo
{
	IsMultiplayerMap Bool True
	MustAssembleFleet Bool False 
	World Description String 'IDGS_TPWORLDNAMES_SAMPLE'
	WorldNameID String 'IDGS_TPJOURNALSCREEN_MISSION9_JOURNALTITLE'
	Object Count Int 189
	Team List - Size Int 0
	Number of Players Int 5
	PlayerInfo - Player Name String 'Player'
	PlayerInfo - TeamIndex Int -1
	PlayerInfo - Player Name String 'Iron Clads'
	PlayerInfo - TeamIndex Int -1
	PlayerInfo - Player Name String 'Hidden Longboat'
	PlayerInfo - TeamIndex Int -1
	PlayerInfo - Player Name String 'Iron Clad Cruisers'
	PlayerInfo - TeamIndex Int -1
	PlayerInfo - Player Name String 'Navy'
	PlayerInfo - TeamIndex Int -1
	IsCampaign Bool True
	Use Custom World Name Bool False 
	Custom World Name String ''
	Use Custom World Description Bool False 
	Custom World Description String ''
}
00000008 Game
{
	00000002 Time
	{
		Game Tick Int 0
		Game Time Double 0
	}
	Frame Int -1
	Paused Bool False 
	ActivePlayerIndex Int -1
}
00007513 World
{
	WorldName String 'Mission09'
	Random Seed Int -1725389526
	World Size - Min Vector3( -2500.000000, -2500.000000, -500.000000 )
	World Size - Max Vector3( 2500.000000, 2500.000000, 500.000000 )
	# Player List
	PlayerList Int 6
	00000032 Player
	{
		Name String 'Player'
		Color Colour( 0.023529, 0.317647, 0.992157, 1.000000 )
		IsPlayable Bool True
		Is Used In Game Bool False 
		Multiplayer Name String ''
		StartPoint Vector3( -1686.154297, -1159.139771, 0.000008 )
		StartPointForwardVector Vector3( -0.520712, -0.853732, -0.000001 )
		Race Int 4
		Points Float 0.000000
		TeamIndex Int -1
		FormationType Int 6
		00000017 FleetAI
		{
			00000001 UPDATETIMER
			{
				StartTime Double 0
			}
			00000001 OFFSETTIMER
			{
				StartTime Double 0
			}
			OFFSETTIME Float 0.062500
			UPDATETIME Float 0.500000
			00000001 FORMATION
			{
				FORMATIONTYPE String 'None'
			}
			SHIPINFO - Size Int 0
			HOLDFIREACTIVE Bool False 
			AITYPE String 'AIFLEET'
		}
		FlagIndex Int 0
	}
	00000032 Player
	{
		Name String 'Iron Clads'
		Color Colour( 0.129412, 0.474510, 0.043137, 1.000000 )
		IsPlayable Bool True
		Is Used In Game Bool False 
		Multiplayer Name String ''
		StartPoint Vector3( 891.763367, -1007.055420, 0.000000 )
		StartPointForwardVector Vector3( 1.000000, 0.000000, 0.000000 )
		Race Int 4
		Points Float 0.000000
		TeamIndex Int -1
		FormationType Int 0
		00000017 FleetAI
		{
			00000001 UPDATETIMER
			{
				StartTime Double 0
			}
			00000001 OFFSETTIMER
			{
				StartTime Double 0
			}
			OFFSETTIME Float 0.062500
			UPDATETIME Float 0.500000
			00000001 FORMATION
			{
				FORMATIONTYPE String 'None'
			}
			SHIPINFO - Size Int 0
			HOLDFIREACTIVE Bool False 
			AITYPE String 'AIFLEET'
		}
		FlagIndex Int 0
	}
	00000032 Player
	{
		Name String 'Asteroids'
		Color Colour( 1.000000, 0.000000, 0.000000, 1.000000 )
		IsPlayable Bool False 
		Is Used In Game Bool False 
		Multiplayer Name String ''
		StartPoint Vector3( -29.298828, -921.473145, 0.000000 )
		StartPointForwardVector Vector3( 0.999705, 0.024279, 0.000000 )
		Race Int 4
		Points Float 0.000000
		TeamIndex Int -1
		FormationType Int 0
		00000017 FleetAI
		{
			00000001 UPDATETIMER
			{
				StartTime Double 0
			}
			00000001 OFFSETTIMER
			{
				StartTime Double 0
			}
			OFFSETTIME Float 0.062500
			UPDATETIME Float 0.500000
			00000001 FORMATION
			{
				FORMATIONTYPE String 'None'
			}
			SHIPINFO - Size Int 0
			HOLDFIREACTIVE Bool False 
			AITYPE String 'AIFLEET'
		}
		FlagIndex Int 0
	}
	00000032 Player
	{
		Name String 'Hidden Longboat'
		Color Colour( 0.023529, 0.317647, 0.992157, 1.000000 )
		IsPlayable Bool True
		Is Used In Game Bool False 
		Multiplayer Name String ''
		StartPoint Vector3( 2322.680664, -1473.666870, 0.000000 )
		StartPointForwardVector Vector3( 0.011969, 0.999928, 0.000000 )
		Race Int 4
		Points Float 0.000000
		TeamIndex Int -1
		FormationType Int 0
		00000017 FleetAI
		{
			00000001 UPDATETIMER
			{
				StartTime Double 0
			}
			00000001 OFFSETTIMER
			{
				StartTime Double 0
			}
			OFFSETTIME Float 0.062500
			UPDATETIME Float 0.500000
			00000001 FORMATION
			{
				FORMATIONTYPE String 'None'
			}
			SHIPINFO - Size Int 0
			HOLDFIREACTIVE Bool False 
			AITYPE String 'AIFLEET'
		}
		FlagIndex Int 0
	}
	00000032 Player
	{
		Name String 'Iron Clad Cruisers'
		Color Colour( 1.000000, 0.000000, 0.000000, 1.000000 )
		IsPlayable Bool True
		Is Used In Game Bool False 
		Multiplayer Name String ''
		StartPoint Vector3( 929.508118, -1081.417236, 0.000000 )
		StartPointForwardVector Vector3( 0.991694, -0.128620, 0.000000 )
		Race Int 4
		Points Float 0.000000
		TeamIndex Int -1
		FormationType Int 0
		00000017 FleetAI
		{
			00000001 UPDATETIMER
			{
				StartTime Double 0
			}
			00000001 OFFSETTIMER
			{
				StartTime Double 0
			}
			OFFSETTIME Float 0.062500
			UPDATETIME Float 0.500000
			00000001 FORMATION
			{
				FORMATIONTYPE String 'None'
			}
			SHIPINFO - Size Int 0
			HOLDFIREACTIVE Bool False 
			AITYPE String 'AIFLEET'
		}
		FlagIndex Int 0
	}
	00000032 Player
	{
		Name String 'Navy'
		Color Colour( 1.000000, 1.000000, 1.000000, 1.000000 )
		IsPlayable Bool True
		Is Used In Game Bool False 
		Multiplayer Name String ''
		StartPoint Vector3( -1558.857544, -1082.092773, 0.000000 )
		StartPointForwardVector Vector3( 0.828553, -0.559910, 0.000000 )
		Race Int 4
		Points Float 0.000000
		TeamIndex Int -1
		FormationType Int 0
		00000017 FleetAI
		{
			00000001 UPDATETIMER
			{
				StartTime Double 0
			}
			00000001 OFFSETTIMER
			{
				StartTime Double 0
			}
			OFFSETTIME Float 0.062500
			UPDATETIME Float 0.500000
			00000001 FORMATION
			{
				FORMATIONTYPE String 'None'
			}
			SHIPINFO - Size Int 0
			HOLDFIREACTIVE Bool False 
			AITYPE String 'AIFLEET'
		}
		FlagIndex Int 0
	}
	NextID Int 335
	# World Object List
	WorldObjects Int 189
	ID Int 5
	Type String 'Asteroid_Large'
	00000014 State
	{
		HasState Bool False 
		Position Vector3( -1886.260864, 201.658173, 81.000000 )
		Orientation Matrix33( -0.791542, -0.513539, 0.331268, 0.049945, 0.485897, 0.872588, -0.609070, 0.707235, -0.358959 )
		PlayerIndex Int -1
		# AIEntity
		Type String ''
		# RenderEntity
		Type String ''
		# PhysicsEntity
		Type String ''
		# CollisionEntity
		Type String ''
		# CustomInfoEntity
		Type String ''
	}
	ID Int 6
	Type String 'Asteroid_Huge'
	00000014 State
	{
		HasState Bool False 
		Position Vector3( -1969.519287, 161.602646, 34.000000 )
		Orientation Matrix33( -0.800664, -0.518788, 0.299662, 0.270281, 0.133606, 0.953466, -0.534683, 0.844398, 0.033245 )
		PlayerIndex Int -1
		# AIEntity
		Type String ''
		# RenderEntity
		Type String ''
		# PhysicsEntity
		Type String ''
		# CollisionEntity
		Type String ''
		# CustomInfoEntity
		Type String ''
	}
	ID Int 7
	Type String 'Asteroid_Huge'
	00000014 State
	{
		HasState Bool False 
		Position Vector3( -1860.759399, 165.812820, -33.000000 )
		Orientation Matrix33( -0.074191, 0.201592, 0.976656, 0.177296, 0.966419, -0.186011, -0.981357, 0.159357, -0.107441 )
		PlayerIndex Int -1
		# AIEntity
		Type String ''
		# RenderEntity
		Type String ''
		# PhysicsEntity
		Type String ''
		# CollisionEntity
		Type String ''
		# CustomInfoEntity
		Type String ''
	}
	ID Int 8
	Type String 'Asteroid_Med'
	00000014 State
	{
		HasState Bool False 
		Position Vector3( -1882.519287, 166.602676, 46.000000 )
		Orientation Matrix33( -0.115393, -0.931000, -0.346301, 0.290760, 0.301702, -0.907984, 0.949812, -0.205465, 0.235883 )
		PlayerIndex Int -1
		# AIEntity
		Type String ''
		# RenderEntity
		Type String ''
		# PhysicsEntity
		Type String ''
		# CollisionEntity
		Type String ''
		# CustomInfoEntity
		Type String ''
	}
	ID Int 12
	Type String 'Asteroid_Large'
	00000014 State
	{
		HasState Bool False 
		Position Vector3( -1717.370850, 89.838455, -36.000000 )
		Orientation Matrix33( -0.669990, 0.557670, 0.490018, -0.517265, -0.824148, 0.230686, 0.532494, -0.098912, 0.840635 )
		PlayerIndex Int -1
		# AIEntity
		Type String ''
		# RenderEntity
		Type String ''
		# PhysicsEntity
		Type String ''
		# CollisionEntity
		Type String ''
		# CustomInfoEntity
		Type String ''
	}
	ID Int 15
	Type String 'Asteroid_Small'
	00000014 State
	{
		HasState Bool False 
		Position Vector3( -1826.723633, 272.841064, 62.000000 )
		Orientation Matrix33( -0.064865, 0.799151, 0.597620, 0.946630, -0.140205, 0.290232, 0.315729, 0.584551, -0.747406 )
		PlayerIndex Int -1
		# AIEntity
		Type String ''
		# RenderEntity
		Type String ''
		# PhysicsEntity
		Type String ''
		# CollisionEntity
		Type String ''
		# CustomInfoEntity
		Type String ''
	}
	ID Int 16
	Type String 'Asteroid_Med'
	00000014 State
	{
		HasState Bool False 
		Position Vector3( -1846.992920, 65.076897, -62.000000 )
		Orientation Matrix33( 0.561378, 0.692949, 0.452411, 0.774450, -0.247210, -0.582336, -0.291689, 0.677281, -0.675432 )
		PlayerIndex Int -1
		# AIEntity
		Type String ''
		# RenderEntity
		Type String ''
		# PhysicsEntity
		Type String ''
		# CollisionEntity
		Type String ''
		# CustomInfoEntity
		Type String ''
	}
	ID Int 17
	Type String 'Asteroid_Small'
	00000014 State
	{
		HasState Bool False 
		Position Vector3( -1880.840454, 55.074089, 8.000000 )
		Orientation Matrix33( 0.213243, 0.972157, -0.097152, -0.438108, 0.184030, 0.879883, 0.873263, -0.145066, 0.465153 )
		PlayerIndex Int -1
		# AIEntity
		Type String ''
		# RenderEntity
		Type String ''
		# PhysicsEntity
		Type String ''
		# CollisionEntity
		Type String ''
		# CustomInfoEntity
		Type String ''
	}
	ID Int 18
	Type String 'Asteroid_Small'
	00000014 State
	{
		HasState Bool False 
		Position Vector3( -1809.168213, -5.659018, -50.000000 )
		Orientation Matrix33( -0.002697, -0.581852, 0.813290, 0.032079, 0.812824, 0.581625, -0.999482, 0.027658, 0.016473 )
		PlayerIndex Int -1
		# AIEntity
		Type String ''
		# RenderEntity
		Type String ''
		# PhysicsEntity
		Type String ''
		# CollisionEntity
		Type String ''
		# CustomInfoEntity
		Type String ''
	}
	ID Int 21
	Type String 'Asteroid_Small'
	00000014 State
	{
		HasState Bool False 
		Position Vector3( -1626.343506, -12.394982, -74.000000 )
		Orientation Matrix33( -0.772274, -0.625008, 0.113833, -0.631012, 0.775417, -0.023481, -0.073592, -0.089964, -0.993222 )
		PlayerIndex Int -1
		# AIEntity
		Type String ''
		# RenderEntity
		Type String ''
		# PhysicsEntity
		Type String ''
		# CollisionEntity
		Type String ''
		# CustomInfoEntity
		Type String ''
	}
	ID Int 23
	Type String 'Asteroid_Huge'
	00000014 State
	{
		HasState Bool False 
		Position Vector3( -1727.220337, -133.428818, 80.000000 )
		Orientation Matrix33( -0.870823, -0.188416, 0.454055, -0.349444, 0.886897, -0.302162, -0.345768, -0.421797, -0.838172 )
		PlayerIndex Int -1
		# AIEntity
		Type String ''
		# RenderEntity
		Type String ''
		# PhysicsEntity
		Type String ''
		# CollisionEntity
		Type String ''
		# CustomInfoEntity
		Type String ''
	}
	ID Int 24
	Type String 'Asteroid_Large'
	00000014 State
	{
		HasState Bool False 
		Position Vector3( -1720.460449, -76.193298, -64.000000 )
		Orientation Matrix33( 0.595676, 0.181197, 0.782520, 0.486999, 0.693260, -0.531246, -0.638750, 0.697537, 0.324716 )
		PlayerIndex Int -1
		# AIEntity
		Type String ''
		# RenderEntity
		Type String ''
		# PhysicsEntity
		Type String ''
		# CollisionEntity
		Type String ''
		# CustomInfoEntity
		Type String ''
	}
	ID Int 26
	Type String 'Asteroid_Med'
	00000014 State
	{
		HasState Bool False 
		Position Vector3( -1652.861816, 20.379168, -43.000000 )
		Orientation Matrix33( 0.638503, 0.392072, -0.662264, 0.753451, -0.493899, 0.434022, -0.156924, -0.776108, -0.610763 )
		PlayerIndex Int -1
		# AIEntity
		Type String ''
		# RenderEntity
		Type String ''
		# PhysicsEntity
		Type String ''
		# CollisionEntity
		Type String ''
		# CustomInfoEntity
		Type String ''
	}
	ID Int 27
	Type String 'Asteroid_Med'
	00000014 State
	{
		HasState Bool False 
		Position Vector3( -1711.249634, -9.341118, 26.000000 )
		Orientation Matrix33( 0.971345, -0.203932, -0.122065, 0.176345, 0.274066, 0.945405, -0.159345, -0.939840, 0.302175 )
		PlayerIndex Int -1
		# AIEntity
		Type String ''
		# RenderEntity
		Type String ''
		# PhysicsEntity
		Type String ''
		# CollisionEntity
		Type String ''
		# CustomInfoEntity
		Type String ''
	}
	ID Int 28
	Type String 'Asteroid_Large'
	00000014 State
	{
		HasState Bool False 
		Position Vector3( -1681.379517, -193.477310, 61.000000 )
		Orientation Matrix33( 0.803391, 0.066711, -0.591703, 0.329945, -0.877077, 0.349101, -0.495680, -0.475694, -0.726647 )
		PlayerIndex Int -1
		# AIEntity
		Type String ''
		# RenderEntity
		Type String ''
		# PhysicsEntity
		Type String ''
		# CollisionEntity
		Type String ''
		# CustomInfoEntity
		Type String ''
	}
	ID Int 29
	Type String 'Asteroid_Med'
	00000014 State
	{
		HasState Bool False 
		Position Vector3( -1626.249634, -78.284019, 12.000000 )
		Orientation Matrix33( -0.612610, -0.197497, -0.765313, 0.782034, -0.011073, -0.623137, 0.114593, -0.980241, 0.161233 )
		PlayerIndex Int -1
		# AIEntity
		Type String ''
		# RenderEntity
		Type String ''
		# PhysicsEntity
		Type String ''
		# CollisionEntity
		Type String ''
		# CustomInfoEntity
		Type String ''
	}
	ID Int 30
	Type String 'Asteroid_Small'
	00000014 State
	{
		HasState Bool False 
		Position Vector3( -1720.489746, -38.074238, -67.000000 )
		Orientation Matrix33( -0.437231, 0.897603, -0.056012, -0.359122, -0.231353, -0.904161, -0.824536, -0.375212, 0.423504 )
		PlayerIndex Int -1
		# AIEntity
		Type String ''
		# RenderEntity
		Type String ''
		# PhysicsEntity
		Type String ''
		# CollisionEntity
		Type String ''
		# CustomInfoEntity
		Type String ''
	}
	ID Int 32
	Type String 'Asteroid_Large'
	00000014 State
	{
		HasState Bool False 
		Position Vector3( -1555.804565, -143.844238, 44.000000 )
		Orientation Matrix33( 0.535004, 0.567347, 0.626010, 0.059894, 0.713637, -0.697950, -0.842724, 0.410900, 0.347818 )
		PlayerIndex Int -1
		# AIEntity
		Type String ''
		# RenderEntity
		Type String ''
		# PhysicsEntity
		Type String ''
		# CollisionEntity
		Type String ''
		# CustomInfoEntity
		Type String ''
	}
	ID Int 33
	Type String 'Asteroid_Small'
	00000014 State
	{
		HasState Bool False 
		Position Vector3( -1587.833740, -248.844421, 8.000000 )
		Orientation Matrix33( -0.926418, -0.235918, -0.293415, 0.228304, -0.971711, 0.060458, -0.299378, -0.010978, 0.954071 )
		PlayerIndex Int -1
		# AIEntity
		Type String ''
		# RenderEntity
		Type String ''
		# PhysicsEntity
		Type String ''
		# CollisionEntity
		Type String ''
		# CustomInfoEntity
		Type String ''
	}
	ID Int 35
	Type String 'Asteroid_Huge'
	00000014 State
	{
		HasState Bool False 
		Position Vector3( -1561.073853, -317.634460, -34.000000 )
		Orientation Matrix33( -0.347609, -0.581745, -0.735350, -0.547859, -0.510442, 0.662797, -0.760933, 0.633263, -0.141280 )
		PlayerIndex Int -1
		# AIEntity
		Type String ''
		# RenderEntity
		Type String ''
		# PhysicsEntity
		Type String ''
		# CollisionEntity
		Type String ''
		# CustomInfoEntity
		Type String ''
	}
	ID Int 37
	Type String 'Asteroid_Med'
	00000014 State
	{
		HasState Bool False 
		Position Vector3( -1436.833740, -313.844604, 83.000000 )
		Orientation Matrix33( -0.259507, 0.865416, 0.428616, -0.919585, -0.357002, 0.164054, 0.294992, -0.351575, 0.888468 )
		PlayerIndex Int -1
		# AIEntity
		Type String ''
		# RenderEntity
		Type String ''
		# PhysicsEntity
		Type String ''
		# CollisionEntity
		Type String ''
		# CustomInfoEntity
		Type String ''
	}
	ID Int 38
	Type String 'Asteroid_Large'
	00000014 State
	{
		HasState Bool False 
		Position Vector3( -1508.833740, -254.844467, 96.000000 )
		Orientation Matrix33( -0.409451, -0.803639, -0.431874, 0.609983, 0.110869, -0.784620, 0.678432, -0.584699, 0.444811 )
		PlayerIndex Int -1
		# AIEntity
		Type String ''
		# RenderEntity
		Type String ''
		# PhysicsEntity
		Type String ''
		# CollisionEntity
		Type String ''
		# CustomInfoEntity
		Type String ''
	}
	ID Int 39
	Type String 'Asteroid_Med'
	00000014 State
	{
		HasState Bool False 
		Position Vector3( -1669.132690, -3.579623, 9.000000 )
		Orientation Matrix33( -0.294076, 0.625224, 0.722921, 0.212323, -0.694732, 0.687216, 0.931900, 0.355587, 0.071555 )
		PlayerIndex Int -1
		# AIEntity
		Type String ''
		# RenderEntity
		Type String ''
		# PhysicsEntity
		Type String ''
		# CollisionEntity
		Type String ''
		# CustomInfoEntity
		Type String ''
	}
	ID Int 40
	Type String 'Asteroid_Small'
	00000014 State
	{
		HasState Bool False 
		Position Vector3( -1667.739014, 48.144150, -33.000000 )
		Orientation Matrix33( 0.006544, -0.999642, -0.025959, -0.027724, -0.026131, 0.999274, -0.999594, -0.005819, -0.027885 )
		PlayerIndex Int -1
		# AIEntity
		Type String ''
		# RenderEntity
		Type String ''
		# PhysicsEntity
		Type String ''
		# CollisionEntity
		Type String ''
		# CustomInfoEntity
		Type String ''
	}
	ID Int 41
	Type String 'Asteroid_Huge'
	00000014 State
	{
		HasState Bool False 
		Position Vector3( -1721.132690, -23.579601, 78.000000 )
		Orientation Matrix33( 0.884981, -0.338449, -0.319783, 0.234464, 0.917267, -0.321943, 0.402288, 0.209936, 0.891118 )
		PlayerIndex Int -1
		# AIEntity
		Type String ''
		# RenderEntity
		Type String ''
		# PhysicsEntity
		Type String ''
		# CollisionEntity
		Type String ''
		# CustomInfoEntity
		Type String ''
	}
	ID Int 42
	Type String 'Asteroid_Med'
	00000014 State
	{
		HasState Bool False 
		Position Vector3( -1702.372803, -56.369415, -24.000000 )
		Orientation Matrix33( 0.013785, -0.619019, 0.785255, -0.043650, -0.784954, -0.618015, 0.998952, -0.025757, -0.037841 )
		PlayerIndex Int -1
		# AIEntity
		Type String ''
		# RenderEntity
		Type String ''
		# PhysicsEntity
		Type String ''
		# CollisionEntity
		Type String ''
		# CustomInfoEntity
		Type String ''
	}
	ID Int 44
	Type String 'Asteroid_Large'
	00000014 State
	{
		HasState Bool False 
		Position Vector3( -1753.372803, 9.630439, -26.000000 )
		Orientation Matrix33( 0.254638, 0.444427, -0.858862, -0.190444, -0.847699, -0.495114, -0.948098, 0.289640, -0.131218 )
		PlayerIndex Int -1
		# AIEntity
		Type String ''
		# RenderEntity
		Type String ''
		# PhysicsEntity
		Type String ''
		# CollisionEntity
		Type String ''
		# CustomInfoEntity
		Type String ''
	}
	ID Int 45
	Type String 'Asteroid_Large'
	00000014 State
	{
		HasState Bool False 
		Position Vector3( -1702.132690, 61.420219, 103.000000 )
		Orientation Matrix33( 0.665799, 0.363581, 0.651553, 0.228076, 0.732271, -0.641686, -0.710418, 0.575837, 0.404621 )
		PlayerIndex Int -1
		# AIEntity
		Type String ''
		# RenderEntity
		Type String ''
		# PhysicsEntity
		Type String ''
		# CollisionEntity
		Type String ''
		# CustomInfoEntity
		Type String ''
	}
	ID Int 49
	Type String 'Asteroid_Med'
	00000014 State
	{
		HasState Bool False 
		Position Vector3( -1581.956909, -80.841263, -66.000000 )
		Orientation Matrix33( 0.389216, -0.239679, 0.889418, 0.874279, 0.400185, -0.274750, -0.290080, 0.884537, 0.365305 )
		PlayerIndex Int -1
		# AIEntity
		Type String ''
		# RenderEntity
		Type String ''
		# PhysicsEntity
		Type String ''
		# CollisionEntity
		Type String ''
		# CustomInfoEntity
		Type String ''
	}
	ID Int 50
	Type String 'Asteroid_Small'
	00000014 State
	{
		HasState Bool False 
		Position Vector3( -1551.716797, -258.051727, 77.000000 )
		Orientation Matrix33( -0.458793, -0.878763, -0.131467, 0.459405, -0.361247, 0.811448, -0.760563, 0.311890, 0.569446 )
		PlayerIndex Int -1
		# AIEntity
		Type String ''
		# RenderEntity
		Type String ''
		# PhysicsEntity
		Type String ''
		# CollisionEntity
		Type String ''
		# CustomInfoEntity
		Type String ''
	}
	ID Int 52
	Type String 'Asteroid_Med'
	00000014 State
	{
		HasState Bool False 
		Position Vector3( -1476.956909, -248.841553, -84.000000 )
		Orientation Matrix33( 0.431529, -0.133085, 0.892228, -0.086597, 0.978379, 0.187818, -0.897933, -0.158313, 0.410674 )
		PlayerIndex Int -1
		# AIEntity
		Type String ''
		# RenderEntity
		Type String ''
		# PhysicsEntity
		Type String ''
		# CollisionEntity
		Type String ''
		# CustomInfoEntity
		Type String ''
	}
	ID Int 53
	Type String 'Asteroid_Small'
	00000014 State
	{
		HasState Bool False 
		Position Vector3( -1615.044678, -34.980701, 5.000000 )
		Orientation Matrix33( 0.981473, -0.109015, 0.157567, -0.054245, 0.630622, 0.774192, -0.183764, -0.768395, 0.613025 )
		PlayerIndex Int -1
		# AIEntity
		Type String ''
		# RenderEntity
		Type String ''
		# PhysicsEntity
		Type String ''
		# CollisionEntity
		Type String ''
		# CustomInfoEntity
		Type String ''
	}
	ID Int 56
	Type String 'Asteroid_Small'
	00000014 State
	{
		HasState Bool False 
		Position Vector3( -1352.512085, -296.137604, -61.000000 )
		Orientation Matrix33( 0.179636, 0.978122, 0.104922, -0.145964, 0.131978, -0.980447, -0.972844, 0.160809, 0.166479 )
		PlayerIndex Int -1
		# AIEntity
		Type String ''
		# RenderEntity
		Type String ''
		# PhysicsEntity
		Type String ''
		# CollisionEntity
		Type String ''
		# CustomInfoEntity
		Type String ''
	}
	ID Int 57
	Type String 'Asteroid_Large'
	00000014 State
	{
		HasState Bool False 
		Position Vector3( -1270.512085, -408.137848, -45.000000 )
		Orientation Matrix33( -0.039526, -0.110903, -0.993045, -0.000152, -0.993821, 0.110996, -0.999219, 0.004538, 0.039265 )
		PlayerIndex Int -1
		# AIEntity
		Type String ''
		# RenderEntity
		Type String ''
		# PhysicsEntity
		Type String ''
		# CollisionEntity
		Type String ''
		# CustomInfoEntity
		Type String ''
	}
	ID Int 58
	Type String 'Asteroid_Small'
	00000014 State
	{
		HasState Bool False 
		Position Vector3( -1418.512085, -308.137634, -68.000000 )
		Orientation Matrix33( -0.868610, 0.057424, 0.492158, -0.420869, 0.438709, -0.793980, -0.261508, -0.896793, -0.356899 )
		PlayerIndex Int -1
		# AIEntity
		Type String ''
		# RenderEntity
		Type String ''
		# PhysicsEntity
		Type String ''
		# CollisionEntity
		Type String ''
		# CustomInfoEntity
		Type String ''
	}
	ID Int 59
	Type String 'Asteroid_Large'
	00000014 State
	{
		HasState Bool False 
		Position Vector3( -1376.388794, -374.058380, 53.000000 )
		Orientation Matrix33( 0.090433, 0.146139, 0.985122, -0.977165, -0.177956, 0.116102, 0.192275, -0.973126, 0.126709 )
		PlayerIndex Int -1
		# AIEntity
		Type String ''
		# RenderEntity
		Type String ''
		# PhysicsEntity
		Type String ''
		# CollisionEntity
		Type String ''
		# CustomInfoEntity
		Type String ''
	}
	ID Int 60
	Type String 'Asteroid_Huge'
	00000014 State
	{
		HasState Bool False 
		Position Vector3( -1419.388794, -416.058472, 25.000000 )
		Orientation Matrix33( 0.799460, 0.244595, -0.548668, 0.424957, -0.875832, 0.228758, -0.424588, -0.416043, -0.804135 )
		PlayerIndex Int -1
		# AIEntity
		Type String ''
		# RenderEntity
		Type String ''
		# PhysicsEntity
		Type String ''
		# CollisionEntity
		Type String ''
		# CustomInfoEntity
		Type String ''
	}
	ID Int 62
	Type String 'Asteroid_Huge'
	00000014 State
	{
		HasState Bool False 
		Position Vector3( -1305.628906, -584.792358, -38.000000 )
		Orientation Matrix33( -0.380598, -0.400940, 0.833302, -0.006895, 0.902325, 0.431001, -0.924715, 0.158293, -0.346188 )
		PlayerIndex Int -1
		# AIEntity
		Type String ''
		# RenderEntity
		Type String ''
		# PhysicsEntity
		Type String ''
		# CollisionEntity
		Type String ''
		# CustomInfoEntity
		Type String ''
	}
	ID Int 64
	Type String 'Asteroid_Small'
	00000014 State
	{
		HasState Bool False 
		Position Vector3( -1330.628906, -402.791626, -72.000000 )
		Orientation Matrix33( 0.927098, -0.177966, 0.329874, -0.282391, 0.247061, 0.926939, -0.246463, -0.952517, 0.178794 )
		PlayerIndex Int -1
		# AIEntity
		Type String ''
		# RenderEntity
		Type String ''
		# PhysicsEntity
		Type String ''
		# CollisionEntity
		Type String ''
		# CustomInfoEntity
		Type String ''
	}
	ID Int 65
	Type String 'Asteroid_Large'
	00000014 State
	{
		HasState Bool False 
		Position Vector3( -1191.707397, -509.489807, 22.000000 )
		Orientation Matrix33( -0.084137, 0.990087, -0.112468, 0.127263, -0.101267, -0.986686, -0.988294, -0.097330, -0.117481 )
		PlayerIndex Int -1
		# AIEntity
		Type String ''
		# RenderEntity
		Type String ''
		# PhysicsEntity
		Type String ''
		# CollisionEntity
		Type String ''
		# CustomInfoEntity
		Type String ''
	}
	ID Int 67
	Type String 'Asteroid_Med'
	00000014 State
	{
		HasState Bool False 
		Position Vector3( -1267.856201, -493.939423, 26.000000 )
		Orientation Matrix33( -0.122211, 0.469945, 0.874194, -0.153295, -0.879165, 0.451187, 0.980594, -0.078870, 0.179484 )
		PlayerIndex Int -1
		# AIEntity
		Type String ''
		# RenderEntity
		Type String ''
		# PhysicsEntity
		Type String ''
		# CollisionEntity
		Type String ''
		# CustomInfoEntity
		Type String ''
	}
	ID Int 70
	Type String 'Asteroid_Large'
	00000014 State
	{
		HasState Bool False 
		Position Vector3( -1016.389282, -601.409241, -55.000000 )
		Orientation Matrix33( -0.142228, -0.969907, 0.197613, 0.897566, -0.210542, -0.387360, 0.417309, 0.122277, 0.900501 )
		PlayerIndex Int -1
		# AIEntity
		Type String ''
		# RenderEntity
		Type String ''
		# PhysicsEntity
		Type String ''
		# CollisionEntity
		Type String ''
		# CustomInfoEntity
		Type String ''
	}
	ID Int 76
	Type String 'Asteroid_Med'
	00000014 State
	{
		HasState Bool False 
		Position Vector3( -1085.382080, -678.506409, 59.000000 )
		Orientation Matrix33( -0.248602, -0.627107, -0.738196, 0.855181, 0.215759, -0.471289, 0.454821, -0.748455, 0.482652 )
		PlayerIndex Int -1
		# AIEntity
		Type String ''
		# RenderEntity
		Type String ''
		# PhysicsEntity
		Type String ''
		# CollisionEntity
		Type String ''
		# CustomInfoEntity
		Type String ''
	}
	ID Int 78
	Type String 'Asteroid_Small'
	00000014 State
	{
		HasState Bool False 
		Position Vector3( -1146.381836, -621.506409, 72.000000 )
		Orientation Matrix33( 0.868878, -0.358742, -0.341109, -0.015068, -0.707919, 0.706133, -0.494797, -0.608404, -0.620501 )
		PlayerIndex Int -1
		# AIEntity
		Type String ''
		# RenderEntity
		Type String ''
		# PhysicsEntity
		Type String ''
		# CollisionEntity
		Type String ''
		# CustomInfoEntity
		Type String ''
	}
	ID Int 79
	Type String 'Asteroid_Huge'
	00000014 State
	{
		HasState Bool False 
		Position Vector3( -999.822021, -615.387146, 3.000000 )
		Orientation Matrix33( -0.252524, 0.790513, 0.557962, 0.336123, -0.469071, 0.816697, 0.907333, 0.393779, -0.147258 )
		PlayerIndex Int -1
		# AIEntity
		Type String ''
		# RenderEntity
		Type String ''
		# PhysicsEntity
		Type String ''
		# CollisionEntity
		Type String ''
		# CustomInfoEntity
		Type String ''
	}
	ID Int 80
	Type String 'Asteroid_Med'
	00000014 State
	{
		HasState Bool False 
		Position Vector3( -984.939880, -690.423401, 41.000000 )
		Orientation Matrix33( -0.629013, -0.673115, -0.388920, -0.759777, 0.426390, 0.490846, -0.164564, 0.604241, -0.779623 )
		PlayerIndex Int -1
		# AIEntity
		Type String ''
		# RenderEntity
		Type String ''
		# PhysicsEntity
		Type String ''
		# CollisionEntity
		Type String ''
		# CustomInfoEntity
		Type String ''
	}
	ID Int 82
	Type String 'Asteroid_Large'
	00000014 State
	{
		HasState Bool False 
		Position Vector3( -887.731812, -632.187073, 29.000000 )
		Orientation Matrix33( -0.889711, 0.052443, -0.453502, 0.452733, 0.229112, -0.861708, 0.058712, -0.971986, -0.227586 )
		PlayerIndex Int -1
		# AIEntity
		Type String ''
		# RenderEntity
		Type String ''
		# PhysicsEntity
		Type String ''
		# CollisionEntity
		Type String ''
		# CustomInfoEntity
		Type String ''
	}
	ID Int 83
	Type String 'Asteroid_Large'
	00000014 State
	{
		HasState Bool False 
		Position Vector3( -818.061890, -723.176514, -29.000000 )
		Orientation Matrix33( 0.201530, -0.868391, 0.453081, 0.025570, 0.467079, 0.883846, -0.979149, -0.166536, 0.116335 )
		PlayerIndex Int -1
		# AIEntity
		Type String ''
		# RenderEntity
		Type String ''
		# PhysicsEntity
		Type String ''
		# CollisionEntity
		Type String ''
		# CustomInfoEntity
		Type String ''
	}
	ID Int 84
	Type String 'Asteroid_Huge'
	00000014 State
	{
		HasState Bool False 
		Position Vector3( -937.822021, -718.355835, 24.000000 )
		Orientation Matrix33( -0.117798, 0.548341, 0.827917, -0.880438, 0.327939, -0.342469, -0.459296, -0.769271, 0.444150 )
		PlayerIndex Int -1
		# AIEntity
		Type String ''
		# RenderEntity
		Type String ''
		# PhysicsEntity
		Type String ''
		# CollisionEntity
		Type String ''
		# CustomInfoEntity
		Type String ''
	}
	ID Int 85
	Type String 'Asteroid_Med'
	00000014 State
	{
		HasState Bool False 
		Position Vector3( -669.848145, -710.267334, -76.000000 )
		Orientation Matrix33( 0.109655, -0.731833, -0.672604, 0.008472, 0.677348, -0.735614, 0.993934, 0.074966, 0.080475 )
		PlayerIndex Int -1
		# AIEntity
		Type String ''
		# RenderEntity
		Type String ''
		# PhysicsEntity
		Type String ''
		# CollisionEntity
		Type String ''
		# CustomInfoEntity
		Type String ''
	}
	ID Int 87
	Type String 'Asteroid_Small'
	00000014 State
	{
		HasState Bool False 
		Position Vector3( -757.377075, -707.185608, 10.000000 )
		Orientation Matrix33( 0.002375, -0.673678, 0.739021, 0.041605, -0.738316, -0.673170, 0.999131, 0.032346, 0.026275 )
		PlayerIndex Int -1
		# AIEntity
		Type String ''
		# RenderEntity
		Type String ''
		# PhysicsEntity
		Type String ''
		# CollisionEntity
		Type String ''
		# CustomInfoEntity
		Type String ''
	}
	ID Int 89
	Type String 'Asteroid_Huge'
	00000014 State
	{
		HasState Bool False 
		Position Vector3( -763.377075, -737.185608, 63.000000 )
		Orientation Matrix33( -0.604399, 0.569300, 0.557315, 0.324651, -0.462828, 0.824859, 0.727533, 0.679477, 0.094909 )
		PlayerIndex Int -1
		# AIEntity
		Type String ''
		# RenderEntity
		Type String ''
		# PhysicsEntity
		Type String ''
		# CollisionEntity
		Type String ''
		# CustomInfoEntity
		Type String ''
	}
	ID Int 91
	Type String 'Asteroid_Large'
	00000014 State
	{
		HasState Bool False 
		Position Vector3( -744.669189, -837.978271, 19.000000 )
		Orientation Matrix33( -0.066512, -0.532971, -0.843516, 0.053463, 0.842269, -0.536399, 0.996352, -0.080774, -0.027527 )
		PlayerIndex Int -1
		# AIEntity
		Type String ''
		# RenderEntity
		Type String ''
		# PhysicsEntity
		Type String ''
		# CollisionEntity
		Type String ''
		# CustomInfoEntity
		Type String ''
	}
	ID Int 92
	Type String 'Asteroid_Large'
	00000014 State
	{
		HasState Bool False 
		Position Vector3( -613.669189, -791.978271, 48.000000 )
		Orientation Matrix33( 0.130565, 0.329909, 0.934940, 0.041360, 0.940379, -0.337604, -0.990577, 0.082749, 0.109136 )
		PlayerIndex Int -1
		# AIEntity
		Type String ''
		# RenderEntity
		Type String ''
		# PhysicsEntity
		Type String ''
		# CollisionEntity
		Type String ''
		# CustomInfoEntity
		Type String ''
	}
	ID Int 94
	Type String 'Asteroid_Small'
	00000014 State
	{
		HasState Bool False 
		Position Vector3( -602.938293, -855.767639, -35.000000 )
		Orientation Matrix33( 0.820942, 0.207769, 0.531871, 0.177454, 0.792502, -0.583481, -0.542738, 0.573387, 0.613729 )
		PlayerIndex Int -1
		# AIEntity
		Type String ''
		# RenderEntity
		Type String ''
		# PhysicsEntity
		Type String ''
		# CollisionEntity
		Type String ''
		# CustomInfoEntity
		Type String ''
	}
	ID Int 97
	Type String 'Asteroid_Med'
	00000014 State
	{
		HasState Bool False 
		Position Vector3( -565.990540, -893.921509, 53.000000 )
		Orientation Matrix33( 0.070454, 0.872431, -0.483632, 0.790587, 0.246816, 0.560405, 0.608283, -0.421836, -0.672344 )
		PlayerIndex Int -1
		# AIEntity
		Type String ''
		# RenderEntity
		Type String ''
		# PhysicsEntity
		Type String ''
		# CollisionEntity
		Type String ''
		# CustomInfoEntity
		Type String ''
	}
	ID Int 99
	Type String 'Asteroid_Large'
	00000014 State
	{
		HasState Bool False 
		Position Vector3( -648.990540, -886.890198, 61.000000 )
		Orientation Matrix33( 0.504782, -0.084745, -0.859077, 0.311596, -0.910190, 0.272877, -0.805049, -0.405428, -0.433041 )
		PlayerIndex Int -1
		# AIEntity
		Type String ''
		# RenderEntity
		Type String ''
		# PhysicsEntity
		Type String ''
		# CollisionEntity
		Type String ''
		# CustomInfoEntity
		Type String ''
	}
	ID Int 100
	Type String 'Asteroid_Large'
	00000014 State
	{
		HasState Bool False 
		Position Vector3( -565.230408, -839.679626, -35.000000 )
		Orientation Matrix33( -0.098086, -0.013910, -0.995081, -0.089872, -0.995693, 0.022777, -0.991112, 0.091664, 0.096414 )
		PlayerIndex Int -1
		# AIEntity
		Type String ''
		# RenderEntity
		Type String ''
		# PhysicsEntity
		Type String ''
		# CollisionEntity
		Type String ''
		# CustomInfoEntity
		Type String ''
	}
	ID Int 103
	Type String 'Asteroid_Small'
	00000014 State
	{
		HasState Bool False 
		Position Vector3( -534.399536, -945.770874, 24.000000 )
		Orientation Matrix33( -0.013910, 0.248412, 0.968555, 0.000074, 0.968649, -0.248435, -0.999903, -0.003384, -0.013492 )
		PlayerIndex Int -1
		# AIEntity
		Type String ''
		# RenderEntity
		Type String ''
		# PhysicsEntity
		Type String ''
		# CollisionEntity
		Type String ''
		# CustomInfoEntity
		Type String ''
	}
	ID Int 105
	Type String 'Asteroid_Large'
	00000014 State
	{
		HasState Bool False 
		Position Vector3( -417.399078, -849.771057, 13.000000 )
		Orientation Matrix33( 0.649764, 0.755120, -0.087177, -0.210222, 0.068299, -0.975265, -0.730488, 0.652019, 0.203121 )
		PlayerIndex Int -1
		# AIEntity
		Type String ''
		# RenderEntity
		Type String ''
		# PhysicsEntity
		Type String ''
		# CollisionEntity
		Type String ''
		# CustomInfoEntity
		Type String ''
	}
	ID Int 107
	Type String 'Asteroid_Med'
	00000014 State
	{
		HasState Bool False 
		Position Vector3( -406.918915, -998.901978, 54.000000 )
		Orientation Matrix33( 0.230316, -0.186939, -0.954991, 0.180230, -0.956202, 0.230642, -0.956280, -0.225239, -0.186536 )
		PlayerIndex Int -1
		# AIEntity
		Type String ''
		# RenderEntity
		Type String ''
		# PhysicsEntity
		Type String ''
		# CollisionEntity
		Type String ''
		# CustomInfoEntity
		Type String ''
	}
	ID Int 108
	Type String 'Asteroid_Med'
	00000014 State
	{
		HasState Bool False 
		Position Vector3( -269.661957, -807.688782, 15.000000 )
		Orientation Matrix33( 0.001007, -0.615558, -0.788091, 0.014385, -0.788001, 0.615506, -0.999896, -0.011957, 0.008061 )
		PlayerIndex Int -1
		# AIEntity
		Type String ''
		# RenderEntity
		Type String ''
		# PhysicsEntity
		Type String ''
		# CollisionEntity
		Type String ''
		# CustomInfoEntity
		Type String ''
	}
	ID Int 110
	Type String 'Asteroid_Huge'
	00000014 State
	{
		HasState Bool False 
		Position Vector3( -262.661957, -846.657532, 78.000000 )
		Orientation Matrix33( 0.016066, 0.969764, 0.243515, -0.001076, -0.243529, 0.969893, 0.999870, -0.015844, -0.002869 )
		PlayerIndex Int -1
		# AIEntity
		Type String ''
		# RenderEntity
		Type String ''
		# PhysicsEntity
		Type String ''
		# CollisionEntity
		Type String ''
		# CustomInfoEntity
		Type String ''
	}
	ID Int 111
	Type String 'Asteroid_Huge'
	00000014 State
	{
		HasState Bool False 
		Position Vector3( -295.631897, -881.464050, -41.000000 )
		Orientation Matrix33( 0.701866, 0.041607, 0.711093, -0.386887, -0.815938, 0.429608, 0.598083, -0.576640, -0.556582 )
		PlayerIndex Int -1
		# AIEntity
		Type String ''
		# RenderEntity
		Type String ''
		# PhysicsEntity
		Type String ''
		# CollisionEntity
		Type String ''
		# CustomInfoEntity
		Type String ''
	}
	ID Int 112
	Type String 'Asteroid_Large'
	00000014 State
	{
		HasState Bool False 
		Position Vector3( -213.181168, -966.534790, 56.000000 )
		Orientation Matrix33( 0.782206, -0.306803, 0.542242, -0.388634, -0.920533, 0.039779, 0.486947, -0.241849, -0.839280 )
		PlayerIndex Int -1
		# AIEntity
		Type String ''
		# RenderEntity
		Type String ''
		# PhysicsEntity
		Type String ''
		# CollisionEntity
		Type String ''
		# CustomInfoEntity
		Type String ''
	}
	ID Int 113
	Type String 'Asteroid_Small'
	00000014 State
	{
		HasState Bool False 
		Position Vector3( -167.461700, -1002.291443, 65.000000 )
		Orientation Matrix33( 0.068717, -0.534620, 0.842294, -0.241110, -0.828161, -0.505979, 0.968062, -0.168316, -0.185811 )
		PlayerIndex Int -1
		# AIEntity
		Type String ''
		# RenderEntity
		Type String ''
		# PhysicsEntity
		Type String ''
		# CollisionEntity
		Type String ''
		# CustomInfoEntity
		Type String ''
	}
	ID Int 114
	Type String 'Asteroid_Huge'
	00000014 State
	{
		HasState Bool False 
		Position Vector3( -311.100189, -976.657471, 63.000000 )
		Orientation Matrix33( -0.183998, 0.126862, 0.974705, -0.481324, -0.876236, 0.023185, 0.857013, -0.464883, 0.222288 )
		PlayerIndex Int -1
		# AIEntity
		Type String ''
		# RenderEntity
		Type String ''
		# PhysicsEntity
		Type String ''
		# CollisionEntity
		Type String ''
		# CustomInfoEntity
		Type String ''
	}
	ID Int 115
	Type String 'Asteroid_Small'
	00000014 State
	{
		HasState Bool False 
		Position Vector3( -177.100159, -846.657532, 53.000000 )
		Orientation Matrix33( 0.751912, -0.067021, 0.655848, 0.206813, 0.968581, -0.138126, -0.625984, 0.239496, 0.742149 )
		PlayerIndex Int -1
		# AIEntity
		Type String ''
		# RenderEntity
		Type String ''
		# PhysicsEntity
		Type String ''
		# CollisionEntity
		Type String ''
		# CustomInfoEntity
		Type String ''
	}
	ID Int 116
	Type String 'Asteroid_Small'
	00000014 State
	{
		HasState Bool False 
		Position Vector3( -122.340164, -849.446899, -65.000000 )
		Orientation Matrix33( -0.140091, 0.649907, -0.746991, 0.781922, 0.535444, 0.319213, 0.607431, -0.539370, -0.583188 )
		PlayerIndex Int -1
		# AIEntity
		Type String ''
		# RenderEntity
		Type String ''
		# PhysicsEntity
		Type String ''
		# CollisionEntity
		Type String ''
		# CustomInfoEntity
		Type String ''
	}
	ID Int 117
	Type String 'Asteroid_Med'
	00000014 State
	{
		HasState Bool False 
		Position Vector3( -117.340134, -947.446777, -39.000000 )
		Orientation Matrix33( -0.364719, -0.064647, -0.928871, -0.499518, -0.828297, 0.253782, -0.785787, 0.556547, 0.269803 )
		PlayerIndex Int -1
		# AIEntity
		Type String ''
		# RenderEntity
		Type String ''
		# PhysicsEntity
		Type String ''
		# CollisionEntity
		Type String ''
		# CustomInfoEntity
		Type String ''
	}
	ID Int 119
	Type String 'Asteroid_Large'
	00000014 State
	{
		HasState Bool False 
		Position Vector3( -242.340393, -825.446838, -46.000000 )
		Orientation Matrix33( -0.021023, -0.154839, 0.987716, -0.583541, -0.800294, -0.137878, 0.811812, -0.579271, -0.073530 )
		PlayerIndex Int -1
		# AIEntity
		Type String ''
		# RenderEntity
		Type String ''
		# PhysicsEntity
		Type String ''
		# CollisionEntity
		Type String ''
		# CustomInfoEntity
		Type String ''
	}
	ID Int 122
	Type String 'Asteroid_Med'
	00000014 State
	{
		HasState Bool False 
		Position Vector3( -212.217010, -827.657471, 5.000000 )
		Orientation Matrix33( 0.739092, -0.528828, -0.417234, 0.148083, -0.476694, 0.866507, -0.657126, -0.702213, -0.274010 )
		PlayerIndex Int -1
		# AIEntity
		Type String ''
		# RenderEntity
		Type String ''
		# PhysicsEntity
		Type String ''
		# CollisionEntity
		Type String ''
		# CustomInfoEntity
		Type String ''
	}
	ID Int 123
	Type String 'Asteroid_Huge'
	00000014 State
	{
		HasState Bool False 
		Position Vector3( -46.186882, -883.464050, -44.000000 )
		Orientation Matrix33( -0.142596, 0.907582, -0.394920, -0.008708, 0.397832, 0.917417, 0.989743, 0.134259, -0.048826 )
		PlayerIndex Int -1
		# AIEntity
		Type String ''
		# RenderEntity
		Type String ''
		# PhysicsEntity
		Type String ''
		# CollisionEntity
		Type String ''
		# CustomInfoEntity
		Type String ''
	}
	ID Int 124
	Type String 'Asteroid_Large'
	00000014 State
	{
		HasState Bool False 
		Position Vector3( -42.138012, -785.110229, -75.000000 )
		Orientation Matrix33( -0.040971, -0.912809, 0.406325, -0.077786, -0.402519, -0.912101, 0.996128, -0.068976, -0.054512 )
		PlayerIndex Int -1
		# AIEntity
		Type String ''
		# RenderEntity
		Type String ''
		# PhysicsEntity
		Type String ''
		# CollisionEntity
		Type String ''
		# CustomInfoEntity
		Type String ''
	}
	ID Int 125
	Type String 'Asteroid_Small'
	00000014 State
	{
		HasState Bool False 
		Position Vector3( -218.217010, -901.657471, 14.000000 )
