# (c) BaRkiNg DOG studios 2002
00000028 WorldInfo
{
	IsMultiplayerMap Bool True
	MustAssembleFleet Bool False 
	World Description String 'IDGS_TPWORLDDESCRIPTION_SAMPLE'
	WorldNameID String 'IDGS_TPJOURNALSCREEN_MISSION12_JOURNALTITLE'
	Object Count Int 49
	Team List - Size Int 0
	Number of Players Int 8
	PlayerInfo - Player Name String 'PlayerStart'
	PlayerInfo - TeamIndex Int -1
	PlayerInfo - Player Name String 'RoyalGuard'
	PlayerInfo - TeamIndex Int -1
	PlayerInfo - Player Name String 'Procs'
	PlayerInfo - TeamIndex Int -1
	PlayerInfo - Player Name String 'Pirates'
	PlayerInfo - TeamIndex Int -1
	PlayerInfo - Player Name String 'RoyalPalace'
	PlayerInfo - TeamIndex Int -1
	PlayerInfo - Player Name String 'Procs2'
	PlayerInfo - TeamIndex Int -1
	PlayerInfo - Player Name String 'Procs3'
	PlayerInfo - TeamIndex Int -1
	PlayerInfo - Player Name String 'DeathProcs'
	PlayerInfo - TeamIndex Int -1
	IsCampaign Bool True
	Use Custom World Name Bool False 
	Custom World Name String ''
	Use Custom World Description Bool False 
	Custom World Description String ''
}
00000008 Game
{
	00000002 Time
	{
		Game Tick Int 0
		Game Time Double 0
	}
	Frame Int -1
	Paused Bool False 
	ActivePlayerIndex Int -1
}
00005619 World
{
	WorldName String 'Mission12'
	Random Seed Int 1249037870
	World Size - Min Vector3( -2000.000000, -2000.000000, -1500.000000 )
	World Size - Max Vector3( 2000.000000, 2000.000000, 1500.000000 )
	# Player List
	PlayerList Int 8
	00000032 Player
	{
		Name String 'PlayerStart'
		Color Colour( 0.023529, 0.317647, 0.992157, 1.000000 )
		IsPlayable Bool True
		Is Used In Game Bool False 
		Multiplayer Name String ''
		StartPoint Vector3( 362.745239, -466.305176, 0.000000 )
		StartPointForwardVector Vector3( -0.973834, 0.227259, 0.000000 )
		Race Int 4
		Points Float 0.000000
		TeamIndex Int -1
		FormationType Int 6
		00000017 FleetAI
		{
			00000001 UPDATETIMER
			{
				StartTime Double 0
			}
			00000001 OFFSETTIMER
			{
				StartTime Double 0
			}
			OFFSETTIME Float 0.062500
			UPDATETIME Float 0.500000
			00000001 FORMATION
			{
				FORMATIONTYPE String 'None'
			}
			SHIPINFO - Size Int 0
			HOLDFIREACTIVE Bool False 
			AITYPE String 'AIFLEET'
		}
		FlagIndex Int 0
	}
	00000032 Player
	{
		Name String 'RoyalGuard'
		Color Colour( 0.066667, 0.266667, 0.733333, 1.000000 )
		IsPlayable Bool True
		Is Used In Game Bool False 
		Multiplayer Name String ''
		StartPoint Vector3( 469.815674, -775.739380, 0.000000 )
		StartPointForwardVector Vector3( -0.726709, 0.686946, 0.000000 )
		Race Int 4
		Points Float 0.000000
		TeamIndex Int -1
		FormationType Int 0
		00000017 FleetAI
		{
			00000001 UPDATETIMER
			{
				StartTime Double 0
			}
			00000001 OFFSETTIMER
			{
				StartTime Double 0
			}
			OFFSETTIME Float 0.062500
			UPDATETIME Float 0.500000
			00000001 FORMATION
			{
				FORMATIONTYPE String 'None'
			}
			SHIPINFO - Size Int 0
			HOLDFIREACTIVE Bool False 
			AITYPE String 'AIFLEET'
		}
		FlagIndex Int 0
	}
	00000032 Player
	{
		Name String 'Procs'
		Color Colour( 0.047059, 0.713726, 0.062745, 1.000000 )
		IsPlayable Bool True
		Is Used In Game Bool False 
		Multiplayer Name String ''
		StartPoint Vector3( 526.156860, -722.276123, 0.000000 )
		StartPointForwardVector Vector3( -0.661328, 0.750096, 0.000000 )
		Race Int 4
		Points Float 0.000000
		TeamIndex Int -1
		FormationType Int 0
		00000017 FleetAI
		{
			00000001 UPDATETIMER
			{
				StartTime Double 0
			}
			00000001 OFFSETTIMER
			{
				StartTime Double 0
			}
			OFFSETTIME Float 0.062500
			UPDATETIME Float 0.500000
			00000001 FORMATION
			{
				FORMATIONTYPE String 'None'
			}
			SHIPINFO - Size Int 0
			HOLDFIREACTIVE Bool False 
			AITYPE String 'AIFLEET'
		}
		FlagIndex Int 0
	}
	00000032 Player
	{
		Name String 'Pirates'
		Color Colour( 0.768627, 0.027451, 0.047059, 1.000000 )
		IsPlayable Bool True
		Is Used In Game Bool False 
		Multiplayer Name String ''
		StartPoint Vector3( 604.404297, -669.343384, 0.000000 )
		StartPointForwardVector Vector3( -0.687936, 0.725772, 0.000000 )
		Race Int 4
		Points Float 0.000000
		TeamIndex Int -1
		FormationType Int 0
		00000017 FleetAI
		{
			00000001 UPDATETIMER
			{
				StartTime Double 0
			}
			00000001 OFFSETTIMER
			{
				StartTime Double 0
			}
			OFFSETTIME Float 0.062500
			UPDATETIME Float 0.500000
			00000001 FORMATION
			{
				FORMATIONTYPE String 'None'
			}
			SHIPINFO - Size Int 0
			HOLDFIREACTIVE Bool False 
			AITYPE String 'AIFLEET'
		}
		FlagIndex Int 0
	}
	00000032 Player
	{
		Name String 'RoyalPalace'
		Color Colour( 1.000000, 1.000000, 1.000000, 1.000000 )
		IsPlayable Bool True
		Is Used In Game Bool False 
		Multiplayer Name String ''
		StartPoint Vector3( 672.161621, -599.718384, 0.000000 )
		StartPointForwardVector Vector3( -0.687082, 0.726580, 0.000000 )
		Race Int 4
		Points Float 0.000000
		TeamIndex Int -1
		FormationType Int 0
		00000017 FleetAI
		{
			00000001 UPDATETIMER
			{
				StartTime Double 0
			}
			00000001 OFFSETTIMER
			{
				StartTime Double 0
			}
			OFFSETTIME Float 0.062500
			UPDATETIME Float 0.500000
			00000001 FORMATION
			{
				FORMATIONTYPE String 'None'
			}
			SHIPINFO - Size Int 0
			HOLDFIREACTIVE Bool False 
			AITYPE String 'AIFLEET'
		}
		FlagIndex Int 0
	}
	00000032 Player
	{
		Name String 'Procs2'
		Color Colour( 0.047059, 0.713726, 0.062745, 1.000000 )
		IsPlayable Bool True
		Is Used In Game Bool False 
		Multiplayer Name String ''
		StartPoint Vector3( 745.097900, -548.765137, 0.000000 )
		StartPointForwardVector Vector3( -0.616355, 0.787468, 0.000000 )
		Race Int 4
		Points Float 0.000000
		TeamIndex Int -1
		FormationType Int 0
		00000017 FleetAI
		{
			00000001 UPDATETIMER
			{
				StartTime Double 0
			}
			00000001 OFFSETTIMER
			{
				StartTime Double 0
			}
			OFFSETTIME Float 0.062500
			UPDATETIME Float 0.500000
			00000001 FORMATION
			{
				FORMATIONTYPE String 'None'
			}
			SHIPINFO - Size Int 0
			HOLDFIREACTIVE Bool False 
			AITYPE String 'AIFLEET'
		}
		FlagIndex Int 0
	}
	00000032 Player
	{
		Name String 'Procs3'
		Color Colour( 0.047059, 0.713726, 0.062745, 1.000000 )
		IsPlayable Bool True
		Is Used In Game Bool False 
		Multiplayer Name String ''
		StartPoint Vector3( 818.269653, -500.604980, 0.000000 )
		StartPointForwardVector Vector3( -0.597317, 0.802005, 0.000000 )
		Race Int 4
		Points Float 0.000000
		TeamIndex Int -1
		FormationType Int 0
		00000017 FleetAI
		{
			00000001 UPDATETIMER
			{
				StartTime Double 0
			}
			00000001 OFFSETTIMER
			{
				StartTime Double 0
			}
			OFFSETTIME Float 0.062500
			UPDATETIME Float 0.500000
			00000001 FORMATION
			{
				FORMATIONTYPE String 'None'
			}
			SHIPINFO - Size Int 0
			HOLDFIREACTIVE Bool False 
			AITYPE String 'AIFLEET'
		}
		FlagIndex Int 0
	}
	00000032 Player
	{
		Name String 'DeathProcs'
		Color Colour( 1.000000, 1.000000, 1.000000, 1.000000 )
		IsPlayable Bool True
		Is Used In Game Bool False 
		Multiplayer Name String ''
		StartPoint Vector3( 642.726135, -634.349243, 0.000000 )
		StartPointForwardVector Vector3( -0.578230, 0.815874, 0.000000 )
		Race Int 4
		Points Float 0.000000
		TeamIndex Int -1
		FormationType Int 0
		00000017 FleetAI
		{
			00000001 UPDATETIMER
			{
				StartTime Double 0
			}
			00000001 OFFSETTIMER
			{
				StartTime Double 0
			}
			OFFSETTIME Float 0.062500
			UPDATETIME Float 0.500000
			00000001 FORMATION
			{
				FORMATIONTYPE String 'None'
			}
			SHIPINFO - Size Int 0
			HOLDFIREACTIVE Bool False 
			AITYPE String 'AIFLEET'
		}
		FlagIndex Int 0
	}
	NextID Int 126
	# World Object List
	WorldObjects Int 49
	ID Int 1
	Type String 'Ship_Navy_ManOWar'
	00000014 State
	{
		HasState Bool False 
		Position Vector3( 360.414612, -466.487213, -0.000061 )
		Orientation Matrix33( 0.258819, 0.965927, 0.000000, -0.965927, 0.258819, 0.000000, 0.000000, 0.000000, 1.000000 )
		PlayerIndex Int 0
		# AIEntity
		Type String ''
		# RenderEntity
		Type String ''
		# PhysicsEntity
		Type String ''
		# CollisionEntity
		Type String ''
		# CustomInfoEntity
		Type String ''
	}
	ID Int 2
	Type String 'Ship_Navy_Frigate'
	00000014 State
	{
		HasState Bool False 
		Position Vector3( 420.320648, -437.434174, 0.000000 )
		Orientation Matrix33( 0.258819, 0.965927, 0.000000, -0.965927, 0.258819, 0.000000, 0.000000, 0.000000, 1.000000 )
		PlayerIndex Int 0
		# AIEntity
		Type String ''
		# RenderEntity
		Type String ''
		# PhysicsEntity
		Type String ''
		# CollisionEntity
		Type String ''
		# CustomInfoEntity
		Type String ''
	}
	ID Int 3
	Type String 'Ship_Navy_Cutter'
	00000014 State
	{
		HasState Bool False 
		Position Vector3( 393.334869, -526.191956, 0.000000 )
		Orientation Matrix33( 0.258819, 0.965927, 0.000000, -0.965927, 0.258819, 0.000000, 0.000000, 0.000000, 1.000000 )
		PlayerIndex Int 0
		# AIEntity
		Type String ''
		# RenderEntity
		Type String ''
		# PhysicsEntity
		Type String ''
		# CollisionEntity
		Type String ''
		# CustomInfoEntity
		Type String ''
	}
	ID Int 4
	Type String 'Ship_Navy_Torpedo'
	00000014 State
	{
		HasState Bool False 
		Position Vector3( 450.262512, -500.947998, -0.000061 )
		Orientation Matrix33( 0.258819, 0.965927, 0.000000, -0.965927, 0.258819, 0.000000, 0.000000, 0.000000, 1.000000 )
		PlayerIndex Int 0
		# AIEntity
		Type String ''
		# RenderEntity
		Type String ''
		# PhysicsEntity
		Type String ''
		# CollisionEntity
		Type String ''
		# CustomInfoEntity
		Type String ''
	}
	ID Int 5
	Type String 'Ship_Pirate_Silver'
	00000014 State
	{
		HasState Bool False 
		Position Vector3( 520.682861, -336.518951, 0.000000 )
		Orientation Matrix33( 0.961262, 0.275637, 0.000000, -0.275637, 0.961262, 0.000000, 0.000000, 0.000000, 1.000000 )
		PlayerIndex Int 3
		# AIEntity
		Type String ''
		# RenderEntity
		Type String ''
		# PhysicsEntity
		Type String ''
		# CollisionEntity
		Type String ''
		# CustomInfoEntity
		Type String ''
	}
	ID Int 6
	Type String 'Ship_Pirate_Carrack'
	00000014 State
	{
		HasState Bool False 
		Position Vector3( 514.032837, -419.653442, 0.000000 )
		Orientation Matrix33( 0.961262, 0.275637, 0.000000, -0.275637, 0.961262, 0.000000, 0.000000, 0.000000, 1.000000 )
		PlayerIndex Int 3
		# AIEntity
		Type String ''
		# RenderEntity
		Type String ''
		# PhysicsEntity
		Type String ''
		# CollisionEntity
		Type String ''
		# CustomInfoEntity
		Type String ''
	}
	ID Int 7
	Type String 'Ship_Pirate_Barque'
	00000014 State
	{
		HasState Bool False 
		Position Vector3( 578.922729, -401.440735, 0.000000 )
		Orientation Matrix33( 0.961262, 0.275637, 0.000000, -0.275637, 0.961262, 0.000000, 0.000000, 0.000000, 1.000000 )
		PlayerIndex Int 3
		# AIEntity
		Type String ''
		# RenderEntity
		Type String ''
		# PhysicsEntity
		Type String ''
		# CollisionEntity
		Type String ''
		# CustomInfoEntity
		Type String ''
	}
	ID Int 8
	Type String 'Ship_Pirate_Barque'
	00000014 State
	{
		HasState Bool False 
		Position Vector3( 559.523560, -473.432678, 0.000000 )
		Orientation Matrix33( 0.961262, 0.275637, 0.000000, -0.275637, 0.961262, 0.000000, 0.000000, 0.000000, 1.000000 )
		PlayerIndex Int 3
		# AIEntity
		Type String ''
		# RenderEntity
		Type String ''
		# PhysicsEntity
		Type String ''
		# CollisionEntity
		Type String ''
		# CustomInfoEntity
		Type String ''
	}
	ID Int 9
	Type String 'Ship_Pirate_Carrack'
	00000014 State
	{
		HasState Bool False 
		Position Vector3( 637.075867, -457.392334, 0.000000 )
		Orientation Matrix33( 0.961262, 0.275637, 0.000000, -0.275637, 0.961262, 0.000000, 0.000000, 0.000000, 1.000000 )
		PlayerIndex Int 3
		# AIEntity
		Type String ''
		# RenderEntity
		Type String ''
		# PhysicsEntity
		Type String ''
		# CollisionEntity
		Type String ''
		# CustomInfoEntity
		Type String ''
	}
	ID Int 10
	Type String 'Base_QueensPalace'
	00000014 State
	{
		HasState Bool False 
		Position Vector3( -622.174683, 633.296265, -9.000000 )
		Orientation Matrix33( 0.743145, -0.669131, 0.000000, 0.669131, 0.743145, 0.000000, 0.000000, 0.000000, 1.000000 )
		PlayerIndex Int 4
		# AIEntity
		Type String ''
		# RenderEntity
		Type String ''
		# PhysicsEntity
		Type String ''
		# CollisionEntity
		Type String ''
		# CustomInfoEntity
		Type String ''
	}
	ID Int 11
	Type String 'Terrain_Planet_Parliament'
	00000014 State
	{
		HasState Bool False 
		Position Vector3( -3424.236816, 1299.113403, 349.000000 )
		Orientation Matrix33( 1.000000, 0.000000, 0.000000, 0.000000, 1.000000, 0.000000, 0.000000, 0.000000, 1.000000 )
		PlayerIndex Int -1
		# AIEntity
		Type String ''
		# RenderEntity
		Type String ''
		# PhysicsEntity
		Type String ''
		# CollisionEntity
		Type String ''
		# CustomInfoEntity
		Type String ''
	}
	ID Int 12
	Type String 'Terrain_Moon_Parliament'
	00000014 State
	{
		HasState Bool False 
		Position Vector3( -1944.355591, 1513.353394, 460.000000 )
		Orientation Matrix33( 0.974490, 0.223253, 0.022969, -0.222146, 0.944935, 0.240310, 0.031946, -0.239282, 0.970425 )
		PlayerIndex Int -1
		# AIEntity
		Type String ''
		# RenderEntity
		Type String ''
		# PhysicsEntity
		Type String ''
		# CollisionEntity
		Type String ''
		# CustomInfoEntity
		Type String ''
	}
	ID Int 19
	Type String 'Ship_Navy_Cutter'
	00000014 State
	{
		HasState Bool False 
		Position Vector3( -385.899567, -474.573120, 0.000000 )
		Orientation Matrix33( -0.999391, 0.034899, 0.000000, -0.034899, -0.999391, 0.000000, 0.000000, 0.000000, 1.000000 )
		PlayerIndex Int 1
		# AIEntity
		Type String ''
		# RenderEntity
		Type String ''
		# PhysicsEntity
		Type String ''
		# CollisionEntity
		Type String ''
		# CustomInfoEntity
		Type String ''
	}
	ID Int 20
	Type String 'Ship_Navy_Cutter'
	00000014 State
	{
		HasState Bool False 
		Position Vector3( -538.467834, -469.916809, 0.000000 )
		Orientation Matrix33( -0.999391, 0.034899, 0.000000, -0.034899, -0.999391, 0.000000, 0.000000, 0.000000, 1.000000 )
		PlayerIndex Int 1
		# AIEntity
		Type String ''
		# RenderEntity
		Type String ''
		# PhysicsEntity
		Type String ''
		# CollisionEntity
		Type String ''
		# CustomInfoEntity
		Type String ''
	}
	ID Int 39
	Type String 'Island_Med03'
	00000014 State
	{
		HasState Bool False 
		Position Vector3( -54.088776, 944.142273, 0.000000 )
		Orientation Matrix33( 0.891007, 0.453991, 0.000000, -0.453991, 0.891007, 0.000000, 0.000000, 0.000000, 1.000000 )
		PlayerIndex Int -1
		# AIEntity
		Type String ''
		# RenderEntity
		Type String ''
		# PhysicsEntity
		Type String ''
		# CollisionEntity
		Type String ''
		# CustomInfoEntity
		Type String ''
	}
	ID Int 57
	Type String 'Island_Med03'
	00000014 State
	{
		HasState Bool False 
		Position Vector3( -1124.255981, 289.416748, 0.000000 )
		Orientation Matrix33( 0.642788, -0.766045, 0.000000, 0.766045, 0.642788, 0.000000, 0.000000, 0.000000, 1.000000 )
		PlayerIndex Int -1
		# AIEntity
		Type String ''
		# RenderEntity
		Type String ''
		# PhysicsEntity
		Type String ''
		# CollisionEntity
		Type String ''
		# CustomInfoEntity
		Type String ''
	}
	ID Int 59
	Type String 'Ship_Procyon_Cruiser'
	00000014 State
	{
		HasState Bool False 
		Position Vector3( 446.023926, 698.277100, 0.000000 )
		Orientation Matrix33( -0.017452, -0.999848, 0.000000, 0.999848, -0.017452, 0.000000, 0.000000, 0.000000, 1.000000 )
		PlayerIndex Int 2
		# AIEntity
		Type String ''
		# RenderEntity
		Type String ''
		# PhysicsEntity
		Type String ''
		# CollisionEntity
		Type String ''
		# CustomInfoEntity
		Type String ''
	}
	ID Int 60
	Type String 'Ship_Procyon_Cruiser'
	00000014 State
	{
		HasState Bool False 
		Position Vector3( 537.655090, 563.942566, 0.000000 )
		Orientation Matrix33( -0.017452, -0.999848, 0.000000, 0.999848, -0.017452, 0.000000, 0.000000, 0.000000, 1.000000 )
		PlayerIndex Int 2
		# AIEntity
		Type String ''
		# RenderEntity
		Type String ''
		# PhysicsEntity
		Type String ''
		# CollisionEntity
		Type String ''
		# CustomInfoEntity
		Type String ''
	}
	ID Int 61
	Type String 'Ship_Procyon_Cruiser'
	00000014 State
	{
		HasState Bool False 
		Position Vector3( 447.246094, 419.331726, 0.000000 )
		Orientation Matrix33( -0.017452, -0.999848, 0.000000, 0.999848, -0.017452, 0.000000, 0.000000, 0.000000, 1.000000 )
		PlayerIndex Int 2
		# AIEntity
		Type String ''
		# RenderEntity
		Type String ''
		# PhysicsEntity
		Type String ''
		# CollisionEntity
		Type String ''
		# CustomInfoEntity
		Type String ''
	}
	ID Int 64
	Type String 'Ship_Navy_Frigate'
	00000014 State
	{
		HasState Bool False 
		Position Vector3( 860.861755, 645.312012, 0.000000 )
		Orientation Matrix33( -0.017453, 0.999848, 0.000000, -0.999848, -0.017453, 0.000000, 0.000000, 0.000000, 1.000000 )
		PlayerIndex Int 1
		# AIEntity
		Type String ''
		# RenderEntity
		Type String ''
		# PhysicsEntity
		Type String ''
		# CollisionEntity
		Type String ''
		# CustomInfoEntity
		Type String ''
	}
	ID Int 65
	Type String 'Ship_Navy_Assault_Cutter'
	00000014 State
	{
		HasState Bool False 
		Position Vector3( 873.116821, 470.898285, 0.000000 )
		Orientation Matrix33( -0.017453, 0.999848, 0.000000, -0.999848, -0.017453, 0.000000, 0.000000, 0.000000, 1.000000 )
		PlayerIndex Int 1
		# AIEntity
		Type String ''
		# RenderEntity
		Type String ''
		# PhysicsEntity
		Type String ''
		# CollisionEntity
		Type String ''
		# CustomInfoEntity
		Type String ''
	}
	ID Int 68
	Type String 'Ship_Procyon_Cruiser'
	00000014 State
	{
		HasState Bool False 
		Position Vector3( -98.499580, 1510.834473, 0.000000 )
		Orientation Matrix33( -0.731354, 0.681998, 0.000000, -0.681998, -0.731354, 0.000000, 0.000000, 0.000000, 1.000000 )
		PlayerIndex Int 5
		# AIEntity
		Type String ''
		# RenderEntity
		Type String ''
		# PhysicsEntity
		Type String ''
		# CollisionEntity
		Type String ''
		# CustomInfoEntity
		Type String ''
	}
	ID Int 71
	Type String 'Ship_Procyon_Dreadnought'
	00000014 State
	{
		HasState Bool False 
		Position Vector3( 132.709290, 932.151855, -0.000244 )
		Orientation Matrix33( -0.992547, 0.121869, 0.000000, -0.121869, -0.992547, 0.000000, 0.000000, 0.000000, 1.000000 )
		PlayerIndex Int 2
		# AIEntity
		Type String ''
		# RenderEntity
		Type String ''
		# PhysicsEntity
		Type String ''
		# CollisionEntity
		Type String ''
		# CustomInfoEntity
		Type String ''
	}
	ID Int 75
	Type String 'Ship_Procyon_Submersible'
	00000014 State
	{
		HasState Bool False 
		Position Vector3( -420.697937, 306.003937, 0.000000 )
		Orientation Matrix33( -0.978148, 0.207911, 0.000000, -0.207911, -0.978148, 0.000000, 0.000000, 0.000000, 1.000000 )
		PlayerIndex Int 2
		# AIEntity
		Type String ''
		# RenderEntity
		Type String ''
		# PhysicsEntity
		Type String ''
		# CollisionEntity
		Type String ''
		# CustomInfoEntity
		Type String ''
	}
	ID Int 78
	Type String 'Ship_Procyon_Submersible'
	00000014 State
	{
		HasState Bool False 
		Position Vector3( -177.453339, 300.305115, 0.000000 )
		Orientation Matrix33( -0.156435, 0.987689, 0.000000, -0.987689, -0.156435, 0.000000, 0.000000, 0.000000, 1.000000 )
		PlayerIndex Int 2
		# AIEntity
		Type String ''
		# RenderEntity
		Type String ''
		# PhysicsEntity
		Type String ''
		# CollisionEntity
		Type String ''
		# CustomInfoEntity
		Type String ''
	}
	ID Int 79
	Type String 'Ship_Procyon_Submersible'
	00000014 State
	{
		HasState Bool False 
		Position Vector3( -193.767471, 307.872223, 0.000000 )
		Orientation Matrix33( -0.156435, 0.987689, 0.000000, -0.987689, -0.156435, 0.000000, 0.000000, 0.000000, 1.000000 )
		PlayerIndex Int 2
		# AIEntity
		Type String ''
		# RenderEntity
		Type String ''
		# PhysicsEntity
		Type String ''
		# CollisionEntity
		Type String ''
		# CustomInfoEntity
		Type String ''
	}
	ID Int 80
	Type String 'Ship_Procyon_Submersible'
	00000014 State
	{
		HasState Bool False 
		Position Vector3( -858.401062, 446.531372, 0.000000 )
		Orientation Matrix33( -0.829038, -0.559193, 0.000000, 0.559193, -0.829038, 0.000000, 0.000000, 0.000000, 1.000000 )
		PlayerIndex Int 2
		# AIEntity
		Type String ''
		# RenderEntity
		Type String ''
		# PhysicsEntity
		Type String ''
		# CollisionEntity
		Type String ''
		# CustomInfoEntity
		Type String ''
	}
	ID Int 81
	Type String 'Ship_Procyon_Submersible'
	00000014 State
	{
		HasState Bool False 
		Position Vector3( -330.380402, 575.596252, 0.000000 )
		Orientation Matrix33( -1.000001, 0.000000, 0.000000, 0.000000, -1.000001, 0.000000, 0.000000, 0.000000, 1.000000 )
		PlayerIndex Int 2
		# AIEntity
		Type String ''
		# RenderEntity
		Type String ''
		# PhysicsEntity
		Type String ''
		# CollisionEntity
		Type String ''
		# CustomInfoEntity
		Type String ''
	}
	ID Int 82
	Type String 'Ship_Procyon_Cutter'
	00000014 State
	{
		HasState Bool False 
		Position Vector3( 71.834244, -344.058624, 0.000000 )
		Orientation Matrix33( -0.469472, -0.882948, 0.000000, 0.882948, -0.469472, 0.000000, 0.000000, 0.000000, 1.000000 )
		PlayerIndex Int 2
		# AIEntity
		Type String ''
		# RenderEntity
		Type String ''
		# PhysicsEntity
		Type String ''
		# CollisionEntity
		Type String ''
		# CustomInfoEntity
		Type String ''
	}
	ID Int 85
	Type String 'Ship_Procyon_Cruiser'
	00000014 State
	{
		HasState Bool False 
		Position Vector3( 103.074265, 848.773071, 0.000000 )
		Orientation Matrix33( -0.996195, 0.087156, 0.000000, -0.087156, -0.996195, 0.000000, 0.000000, 0.000000, 1.000000 )
		PlayerIndex Int 2
		# AIEntity
		Type String ''
		# RenderEntity
		Type String ''
		# PhysicsEntity
		Type String ''
		# CollisionEntity
		Type String ''
		# CustomInfoEntity
		Type String ''
	}
	ID Int 100
	Type String 'Island_Rocky_06'
	00000014 State
	{
		HasState Bool False 
		Position Vector3( -73.462471, 291.725677, 0.000244 )
		Orientation Matrix33( -0.891007, 0.453991, 0.000000, -0.453991, -0.891007, 0.000000, 0.000000, 0.000000, 1.000000 )
		PlayerIndex Int -1
		# AIEntity
		Type String ''
		# RenderEntity
		Type String ''
		# PhysicsEntity
		Type String ''
		# CollisionEntity
		Type String ''
		# CustomInfoEntity
		Type String ''
	}
	ID Int 101
	Type String 'Island_Rocky_06'
	00000014 State
	{
		HasState Bool False 
		Position Vector3( -1137.891846, 975.672302, 0.000000 )
		Orientation Matrix33( 0.848048, -0.529920, 0.000000, 0.529920, 0.848048, 0.000000, 0.000000, 0.000000, 1.000000 )
		PlayerIndex Int -1
		# AIEntity
		Type String ''
		# RenderEntity
		Type String ''
		# PhysicsEntity
		Type String ''
		# CollisionEntity
		Type String ''
		# CustomInfoEntity
		Type String ''
	}
	ID Int 102
	Type String 'Island_Rocky_06'
	00000014 State
	{
		HasState Bool False 
		Position Vector3( -515.056213, 1235.660645, 0.000000 )
		Orientation Matrix33( -0.069757, -0.997565, 0.000000, 0.997565, -0.069757, 0.000000, 0.000000, 0.000000, 1.000000 )
		PlayerIndex Int -1
		# AIEntity
		Type String ''
		# RenderEntity
		Type String ''
		# PhysicsEntity
		Type String ''
		# CollisionEntity
		Type String ''
		# CustomInfoEntity
		Type String ''
	}
	ID Int 103
	Type String 'Island_Rocky_06'
	00000014 State
	{
		HasState Bool False 
		Position Vector3( -726.845093, 9.673609, 0.000000 )
		Orientation Matrix33( 0.121869, 0.992546, 0.000000, -0.992546, 0.121869, 0.000000, 0.000000, 0.000000, 1.000000 )
		PlayerIndex Int -1
		# AIEntity
		Type String ''
		# RenderEntity
		Type String ''
		# PhysicsEntity
		Type String ''
		# CollisionEntity
		Type String ''
		# CustomInfoEntity
		Type String ''
	}
	ID Int 104
	Type String 'Ship_Procyon_Cutter'
	00000014 State
	{
		HasState Bool False 
		Position Vector3( -101.503273, 1448.133301, 0.000000 )
		Orientation Matrix33( -0.788012, 0.615662, 0.000000, -0.615662, -0.788012, 0.000000, 0.000000, 0.000000, 1.000000 )
		PlayerIndex Int 5
		# AIEntity
		Type String ''
		# RenderEntity
		Type String ''
		# PhysicsEntity
		Type String ''
		# CollisionEntity
		Type String ''
		# CustomInfoEntity
		Type String ''
	}
	ID Int 106
	Type String 'Ship_Procyon_Cutter'
	00000014 State
	{
		HasState Bool False 
		Position Vector3( -81.792877, 1372.573853, -0.000061 )
		Orientation Matrix33( -0.788012, 0.615662, 0.000000, -0.615662, -0.788012, 0.000000, 0.000000, 0.000000, 1.000000 )
		PlayerIndex Int 5
		# AIEntity
		Type String ''
		# RenderEntity
		Type String ''
		# PhysicsEntity
		Type String ''
		# CollisionEntity
		Type String ''
		# CustomInfoEntity
		Type String ''
	}
	ID Int 107
	Type String 'Ship_Navy_Heavy_Escort_Amelia'
	00000014 State
	{
		HasState Bool False 
		Position Vector3( -461.967377, -526.377075, 0.000000 )
		Orientation Matrix33( -1.000000, 0.000000, 0.000000, 0.000000, -1.000000, 0.000000, 0.000000, 0.000000, 1.000000 )
		PlayerIndex Int 1
		# AIEntity
		Type String ''
		# RenderEntity
		Type String ''
		# PhysicsEntity
		Type String ''
		# CollisionEntity
		Type String ''
		# CustomInfoEntity
		Type String ''
	}
	ID Int 108
	Type String 'Ship_Procyon_Dreadnought'
	00000014 State
	{
		HasState Bool False 
		Position Vector3( 530.956299, -772.711609, 0.000000 )
		Orientation Matrix33( 1.000000, 0.000000, 0.000000, 0.000000, 1.000000, 0.000000, 0.000000, 0.000000, 1.000000 )
		PlayerIndex Int 7
		# AIEntity
		Type String ''
		# RenderEntity
		Type String ''
		# PhysicsEntity
		Type String ''
		# CollisionEntity
		Type String ''
		# CustomInfoEntity
		Type String ''
	}
	ID Int 109
	Type String 'Ship_Procyon_Dreadnought'
	00000014 State
	{
		HasState Bool False 
		Position Vector3( 578.711182, -719.926025, 0.000000 )
		Orientation Matrix33( 1.000000, 0.000000, 0.000000, 0.000000, 1.000000, 0.000000, 0.000000, 0.000000, 1.000000 )
		PlayerIndex Int 7
		# AIEntity
		Type String ''
		# RenderEntity
		Type String ''
		# PhysicsEntity
		Type String ''
		# CollisionEntity
		Type String ''
		# CustomInfoEntity
		Type String ''
	}
	ID Int 110
	Type String 'Ship_Procyon_Dreadnought'
	00000014 State
	{
		HasState Bool False 
		Position Vector3( 632.873718, -665.113159, 0.000000 )
		Orientation Matrix33( 1.000000, 0.000000, 0.000000, 0.000000, 1.000000, 0.000000, 0.000000, 0.000000, 1.000000 )
		PlayerIndex Int 7
		# AIEntity
		Type String ''
		# RenderEntity
		Type String ''
		# PhysicsEntity
		Type String ''
		# CollisionEntity
		Type String ''
		# CustomInfoEntity
		Type String ''
	}
	ID Int 115
	Type String 'Ship_Procyon_IceFist'
	00000014 State
	{
		HasState Bool False 
		Position Vector3( -432.654846, -738.424500, 0.000000 )
		Orientation Matrix33( 1.000000, 0.000000, 0.000000, 0.000000, 1.000000, 0.000000, 0.000000, 0.000000, 1.000000 )
		PlayerIndex Int 6
		# AIEntity
		Type String ''
		# RenderEntity
		Type String ''
		# PhysicsEntity
		Type String ''
		# CollisionEntity
		Type String ''
		# CustomInfoEntity
		Type String ''
	}
	ID Int 116
	Type String 'Ship_Procyon_Cruiser'
	00000014 State
	{
		HasState Bool False 
		Position Vector3( -466.135406, -690.135681, 0.000000 )
		Orientation Matrix33( 1.000000, 0.000000, 0.000000, 0.000000, 1.000000, 0.000000, 0.000000, 0.000000, 1.000000 )
		PlayerIndex Int 6
		# AIEntity
		Type String ''
		# RenderEntity
		Type String ''
		# PhysicsEntity
		Type String ''
		# CollisionEntity
		Type String ''
		# CustomInfoEntity
		Type String ''
	}
	ID Int 117
	Type String 'Ship_Navy_Cutter'
	00000014 State
	{
		HasState Bool False 
		Position Vector3( -460.640167, -427.084076, -0.000008 )
		Orientation Matrix33( -0.999391, 0.034899, 0.000000, -0.034899, -0.999391, 0.000000, 0.000000, 0.000000, 1.000000 )
		PlayerIndex Int 1
		# AIEntity
		Type String ''
		# RenderEntity
		Type String ''
		# PhysicsEntity
		Type String ''
		# CollisionEntity
		Type String ''
		# CustomInfoEntity
		Type String ''
	}
	ID Int 121
	Type String 'Ship_Procyon_Cutter'
	00000014 State
	{
		HasState Bool False 
		Position Vector3( 43.305195, -401.531311, 0.000000 )
		Orientation Matrix33( -0.325568, -0.945519, 0.000000, 0.945519, -0.325568, 0.000000, 0.000000, 0.000000, 1.000000 )
		PlayerIndex Int 2
		# AIEntity
		Type String ''
		# RenderEntity
		Type String ''
		# PhysicsEntity
		Type String ''
		# CollisionEntity
		Type String ''
		# CustomInfoEntity
		Type String ''
	}
	ID Int 122
	Type String 'Ship_Procyon_IceFist'
	00000014 State
	{
		HasState Bool False 
		Position Vector3( -33.594536, 1608.552124, 0.000000 )
		Orientation Matrix33( -0.848049, 0.529919, 0.000000, -0.529919, -0.848049, 0.000000, 0.000000, 0.000000, 1.000000 )
		PlayerIndex Int 5
		# AIEntity
		Type String ''
		# RenderEntity
		Type String ''
		# PhysicsEntity
		Type String ''
		# CollisionEntity
		Type String ''
		# CustomInfoEntity
		Type String ''
	}
	ID Int 123
	Type String 'Ship_Procyon_IceFist'
	00000014 State
	{
		HasState Bool False 
		Position Vector3( 95.399857, 1501.423340, 0.000000 )
		Orientation Matrix33( -0.819153, 0.573577, 0.000000, -0.573577, -0.819153, 0.000000, 0.000000, 0.000000, 1.000000 )
		PlayerIndex Int 5
		# AIEntity
		Type String ''
		# RenderEntity
		Type String ''
		# PhysicsEntity
		Type String ''
		# CollisionEntity
		Type String ''
		# CustomInfoEntity
		Type String ''
	}
	ID Int 124
	Type String 'Ship_Procyon_Cruiser'
	00000014 State
	{
		HasState Bool False 
		Position Vector3( 4.785133, 1427.376953, 0.000000 )
		Orientation Matrix33( -0.743145, 0.669131, 0.000000, -0.669131, -0.743145, 0.000000, 0.000000, 0.000000, 1.000000 )
		PlayerIndex Int 5
		# AIEntity
		Type String ''
		# RenderEntity
		Type String ''
		# PhysicsEntity
		Type String ''
		# CollisionEntity
		Type String ''
		# CustomInfoEntity
		Type String ''
	}
	ID Int 125
	Type String 'Ship_Procyon_Cruiser'
	00000014 State
	{
		HasState Bool False 
		Position Vector3( -12.364342, 1503.857788, 0.000000 )
		Orientation Matrix33( -0.788011, 0.615661, 0.000000, -0.615661, -0.788011, 0.000000, 0.000000, 0.000000, 1.000000 )
		PlayerIndex Int 5
		# AIEntity
		Type String ''
		# RenderEntity
		Type String ''
		# PhysicsEntity
		Type String ''
		# CollisionEntity
		Type String ''
		# CustomInfoEntity
		Type String ''
	}
	ID Int 126
	Type String 'Ship_Procyon_Cruiser'
	00000014 State
	{
		HasState Bool False 
		Position Vector3( -193.635315, -636.621643, 0.000000 )
		Orientation Matrix33( 0.342020, -0.939693, 0.000000, 0.939693, 0.342020, 0.000000, 0.000000, 0.000000, 1.000000 )
		PlayerIndex Int 6
		# AIEntity
		Type String ''
		# RenderEntity
		Type String ''
		# PhysicsEntity
		Type String ''
		# CollisionEntity
		Type String ''
		# CustomInfoEntity
		Type String ''
	}
	00004396 GameSpecific
	{
		World Description Sting ID String 'IDGS_TPWORLDDESCRIPTION_SAMPLE'
		World Name Sting ID String 'IDGS_TPJOURNALSCREEN_MISSION12_JOURNALTITLE'
		00000001 Effect Event Keeper
		{
			NumEffectEventInfoChunks Int 0
		}
		Skybox mesh name String 'skybox_08_Layer1'
		Ambient Light Colour( 0.117647, 0.117647, 0.117647, 1.000000 )
		Vector for roof light orientation Vector3( 0.232357, 0.828029, -0.510273 )
		Hemispherical floor light color Colour( 0.356863, 0.101961, 0.101961, 1.000000 )
		Hemispherical roof light color Colour( 0.968627, 0.941176, 0.941176, 1.000000 )
		World Initialized State Bool False 
		World Buffer Size Float 500.000000
		Waypoint Path Info Vector - Size Int 18
		00000004 Waypoint Path Info Vector - Element
		{
			Waypoint Path Name String 'ProcICOffScreenToParl'
			Waypoint Path Points - Size Int 2
			Waypoint Path Points - Element Vector3( -106.590027, 1343.302979, 3.000244 )
			Waypoint Path Points - Element Vector3( -379.909485, 936.223083, 0.000000 )
		}
		00000004 Waypoint Path Info Vector - Element
		{
			Waypoint Path Name String 'PiratesToRoyalTwo'
			Waypoint Path Points - Size Int 2
			Waypoint Path Points - Element Vector3( 515.993652, -253.003250, 0.000000 )
			Waypoint Path Points - Element Vector3( 628.004517, 339.781677, 0.000000 )
		}
		00000005 Waypoint Path Info Vector - Element
		{
			Waypoint Path Name String 'EndProcToParl'
			Waypoint Path Points - Size Int 3
			Waypoint Path Points - Element Vector3( 83.552010, 816.593445, 0.000000 )
			Waypoint Path Points - Element Vector3( -39.893932, 719.614136, 0.000244 )
			Waypoint Path Points - Element Vector3( -396.228485, 665.402527, 0.000000 )
		}
		00000004 Waypoint Path Info Vector - Element
		{
			Waypoint Path Name String 'MainProcsToParl'
			Waypoint Path Points - Size Int 2
			Waypoint Path Points - Element Vector3( -501.279755, -381.856171, 0.000244 )
			Waypoint Path Points - Element Vector3( -599.025452, 221.064255, 0.000000 )
		}
		00000008 Waypoint Path Info Vector - Element
		{
			Waypoint Path Name String 'OpeningNISFirstShot'
			Waypoint Path Points - Size Int 6
			Waypoint Path Points - Element Vector3( -156.580032, 730.841980, 239.000000 )
			Waypoint Path Points - Element Vector3( -291.165955, 746.161438, 114.000000 )
			Waypoint Path Points - Element Vector3( -366.251709, 742.993530, 54.000000 )
			Waypoint Path Points - Element Vector3( -464.364441, 641.638367, -25.000000 )
			Waypoint Path Points - Element Vector3( -532.932129, 505.791321, -34.000000 )
			Waypoint Path Points - Element Vector3( -603.972656, 399.337372, -34.000000 )
		}
		00000005 Waypoint Path Info Vector - Element
		{
			Waypoint Path Name String 'NISLookAtRoyalGuard'
			Waypoint Path Points - Size Int 3
			Waypoint Path Points - Element Vector3( -558.122192, -535.737122, 0.000000 )
			Waypoint Path Points - Element Vector3( -505.355865, -571.653809, 0.000000 )
			Waypoint Path Points - Element Vector3( -450.071045, -573.712891, 0.000031 )
		}
		00000004 Waypoint Path Info Vector - Element
		{
			Waypoint Path Name String 'NISLookAtProcs'
			Waypoint Path Points - Size Int 2
			Waypoint Path Points - Element Vector3( -606.331421, -634.330261, -3.000000 )
			Waypoint Path Points - Element Vector3( -380.016663, -614.121948, -3.000000 )
		}
		00000004 Waypoint Path Info Vector - Element
		{
			Waypoint Path Name String 'NISLookAtPlayerandPirates'
			Waypoint Path Points - Size Int 2
			Waypoint Path Points - Element Vector3( 224.493423, -431.934509, 34.000000 )
			Waypoint Path Points - Element Vector3( 589.271057, -194.544022, 34.000000 )
		}
		00000004 Waypoint Path Info Vector - Element
		{
			Waypoint Path Name String 'SilverLeaves'
			Waypoint Path Points - Size Int 2
			Waypoint Path Points - Element Vector3( 771.075012, 548.802734, 0.000000 )
			Waypoint Path Points - Element Vector3( 1943.927856, 1907.132324, 0.000000 )
		}
		00000004 Waypoint Path Info Vector - Element
		{
			Waypoint Path Name String 'LookAtSubs'
			Waypoint Path Points - Size Int 2
			Waypoint Path Points - Element Vector3( -183.638092, 268.809387, 18.000000 )
			Waypoint Path Points - Element Vector3( -150.447281, 283.142578, 25.000000 )
		}
		00000004 Waypoint Path Info Vector - Element
		{
			Waypoint Path Name String 'ProcTwoParl'
			Waypoint Path Points - Size Int 2
			Waypoint Path Points - Element Vector3( 345.716980, 543.536865, 0.000000 )
			Waypoint Path Points - Element Vector3( -366.180389, 523.461548, -0.000061 )
		}
		00000012 Waypoint Path Info Vector - Element
		{
			Waypoint Path Name String 'ProcOffScreenLoop1'
			Waypoint Path Points - Size Int 10
			Waypoint Path Points - Element Vector3( -358.280975, 602.944824, 0.000000 )
			Waypoint Path Points - Element Vector3( -515.060730, 387.856842, 0.000000 )
			Waypoint Path Points - Element Vector3( -572.863586, 346.104156, -0.000122 )
			Waypoint Path Points - Element Vector3( -724.146240, 312.076538, 0.000000 )
			Waypoint Path Points - Element Vector3( -894.292236, 429.892426, 0.000000 )
			Waypoint Path Points - Element Vector3( -935.276123, 589.913574, 0.000000 )
			Waypoint Path Points - Element Vector3( -840.246765, 825.130920, 0.000000 )
			Waypoint Path Points - Element Vector3( -701.642029, 939.648132, 0.000000 )
			Waypoint Path Points - Element Vector3( -410.789337, 933.802368, 0.000000 )
			Waypoint Path Points - Element Vector3( -338.449371, 749.283630, 0.000000 )
		}
		00000012 Waypoint Path Info Vector - Element
		{
			Waypoint Path Name String 'ProcOffScreenLoop2'
			Waypoint Path Points - Size Int 10
			Waypoint Path Points - Element Vector3( -737.415771, 822.830627, 1.000000 )
			Waypoint Path Points - Element Vector3( -849.795410, 677.874146, 0.000000 )
			Waypoint Path Points - Element Vector3( -880.245117, 557.591064, 0.000000 )
			Waypoint Path Points - Element Vector3( -814.228699, 444.496399, 0.000000 )
			Waypoint Path Points - Element Vector3( -655.194641, 369.534241, 0.000000 )
			Waypoint Path Points - Element Vector3( -561.880981, 406.238373, 0.000000 )
			Waypoint Path Points - Element Vector3( -386.576324, 617.278320, 0.000000 )
			Waypoint Path Points - Element Vector3( -407.477203, 789.936340, 0.000000 )
			Waypoint Path Points - Element Vector3( -475.146515, 862.978394, 0.000000 )
			Waypoint Path Points - Element Vector3( -640.721497, 885.600403, 0.000000 )
		}
		00000006 Waypoint Path Info Vector - Element
		{
			Waypoint Path Name String 'FailedLookAtParl'
			Waypoint Path Points - Size Int 4
			Waypoint Path Points - Element Vector3( -474.026337, 853.548462, 64.000000 )
			Waypoint Path Points - Element Vector3( -437.733643, 773.214844, 54.000000 )
			Waypoint Path Points - Element Vector3( -453.266052, 662.886719, 43.000000 )
			Waypoint Path Points - Element Vector3( -581.300842, 557.645996, 21.000000 )
		}
		00000004 Waypoint Path Info Vector - Element
		{
			Waypoint Path Name String 'EndICNIS'
			Waypoint Path Points - Size Int 2
			Waypoint Path Points - Element Vector3( -180.289932, 567.128784, 40.000000 )
			Waypoint Path Points - Element Vector3( 63.462406, 656.571350, 40.000000 )
		}
		00000005 Waypoint Path Info Vector - Element
		{
			Waypoint Path Name String 'BoardingOne'
			Waypoint Path Points - Size Int 3
			Waypoint Path Points - Element Vector3( -374.167969, 492.516327, 0.000000 )
			Waypoint Path Points - Element Vector3( -555.248413, 516.905090, 0.000000 )
			Waypoint Path Points - Element Vector3( -581.301941, 475.704407, 0.000000 )
		}
		00000005 Waypoint Path Info Vector - Element
		{
			Waypoint Path Name String 'BoardingTwo'
			Waypoint Path Points - Size Int 3
			Waypoint Path Points - Element Vector3( -421.681793, 662.689758, 0.000000 )
			Waypoint Path Points - Element Vector3( -478.505676, 640.712830, 0.000000 )
			Waypoint Path Points - Element Vector3( -507.566711, 599.418335, 0.000000 )
		}
		00000004 Waypoint Path Info Vector - Element
		{
			Waypoint Path Name String 'TorpWatch'
			Waypoint Path Points - Size Int 2
			Waypoint Path Points - Element Vector3( -434.489044, 459.918671, 49.000000 )
			Waypoint Path Points - Element Vector3( -404.975739, 480.482147, 49.000000 )
		}
		World Polygons Vectors - Size Int 18
		00000006 World Polygons Vectors - Element
		{
			Name String 'RoyalGuardFight'
			Points Int 4
			Points Coord( -1261.386108, -133.572922 )
			Points Coord( -71.817261, -150.319901 )
			Points Coord( -68.337250, -1127.749390 )
			Points Coord( -1250.891846, -1070.414795 )
		}
		00000008 World Polygons Vectors - Element
		{
			Name String 'RoyalGuardTwoFight'
			Points Int 6
			Points Coord( 234.580658, 302.635559 )
			Points Coord( 270.315308, 1175.585938 )
			Points Coord( 1201.110840, 1158.043579 )
			Points Coord( 1114.247681, -43.920696 )
			Points Coord( 251.378540, -89.462662 )
			Points Coord( 17.883366, -6.733787 )
		}
		00000008 World Polygons Vectors - Element
		{
			Name String 'NearParl'
			Points Int 6
			Points Coord( -1119.333252, 378.400024 )
			Points Coord( -690.153442, 53.028931 )
			Points Coord( -56.126484, 276.786987 )
			Points Coord( -136.405685, 912.838074 )
			Points Coord( -539.079895, 1201.225464 )
			Points Coord( -1118.023438, 992.605286 )
		}
		00000006 World Polygons Vectors - Element
		{
			Name String 'OffScreenTrigger'
			Points Int 4
			Points Coord( -444.097565, 1220.126587 )
			Points Coord( -143.103821, 1015.339844 )
			Points Coord( 0.984924, 1205.316528 )
			Points Coord( -302.935608, 1387.712402 )
		}
		00000006 World Polygons Vectors - Element
		{
			Name String 'EndProcTrigger'
			Points Int 4
			Points Coord( -107.914360, 841.219116 )
			Points Coord( -90.914444, 604.659424 )
			Points Coord( -13.852305, 621.022278 )
			Points Coord( -50.803455, 918.309753 )
		}
		00000011 World Polygons Vectors - Element
		{
			Name String 'PlayerHeadsRightToParl'
			Points Int 9
			Points Coord( -1281.224609, -149.004181 )
			Points Coord( -243.318954, -148.637955 )
			Points Coord( 18.397871, 12.880192 )
