# (c) BaRkiNg DOG studios 2002
00000018 WorldInfo
{
	IsMultiplayerMap Bool True
	MustAssembleFleet Bool False 
	World Description String 'IDGS_TPWORLDDESCRIPTION_SAMPLE'
	WorldNameID String 'IDGS_TPJOURNALSCREEN_MISSION3_JOURNALTITLE'
	Object Count Int 220
	Team List - Size Int 0
	Number of Players Int 3
	PlayerInfo - Player Name String 'Players Ship'
	PlayerInfo - TeamIndex Int -1
	PlayerInfo - Player Name String 'Pirate Silver'
	PlayerInfo - TeamIndex Int -1
	PlayerInfo - Player Name String 'Navy'
	PlayerInfo - TeamIndex Int -1
	IsCampaign Bool True
	Use Custom World Name Bool False 
	Custom World Name String ''
	Use Custom World Description Bool False 
	Custom World Description String ''
}
00000008 Game
{
	00000002 Time
	{
		Game Tick Int 0
		Game Time Double 0
	}
	Frame Int -1
	Paused Bool False 
	ActivePlayerIndex Int -1
}
00008411 World
{
	WorldName String 'Mission03'
	Random Seed Int -96570285
	World Size - Min Vector3( -3500.000000, -3500.000000, -625.000000 )
	World Size - Max Vector3( 3500.000000, 3500.000000, 625.000000 )
	# Player List
	PlayerList Int 4
	00000032 Player
	{
		Name String 'Players Ship'
		Color Colour( 0.023529, 0.317647, 0.992157, 1.000000 )
		IsPlayable Bool True
		Is Used In Game Bool False 
		Multiplayer Name String ''
		StartPoint Vector3( 1403.061279, -1431.651733, 0.000002 )
		StartPointForwardVector Vector3( -0.808928, 0.587908, -0.000001 )
		Race Int 4
		Points Float 0.000000
		TeamIndex Int -1
		FormationType Int 5
		00000017 FleetAI
		{
			00000001 UPDATETIMER
			{
				StartTime Double 0
			}
			00000001 OFFSETTIMER
			{
				StartTime Double 0
			}
			OFFSETTIME Float 0.062500
			UPDATETIME Float 0.500000
			00000001 FORMATION
			{
				FORMATIONTYPE String 'None'
			}
			SHIPINFO - Size Int 0
			HOLDFIREACTIVE Bool False 
			AITYPE String 'AIFLEET'
		}
		FlagIndex Int 0
	}
	00000032 Player
	{
		Name String 'Pirate Silver'
		Color Colour( 0.772549, 0.027451, 0.047059, 1.000000 )
		IsPlayable Bool True
		Is Used In Game Bool False 
		Multiplayer Name String ''
		StartPoint Vector3( 1690.895508, 1428.663940, 0.000000 )
		StartPointForwardVector Vector3( 1.000000, 0.000000, 0.000000 )
		Race Int 4
		Points Float 0.000000
		TeamIndex Int -1
		FormationType Int 0
		00000017 FleetAI
		{
			00000001 UPDATETIMER
			{
				StartTime Double 0
			}
			00000001 OFFSETTIMER
			{
				StartTime Double 0
			}
			OFFSETTIME Float 0.062500
			UPDATETIME Float 0.500000
			00000001 FORMATION
			{
				FORMATIONTYPE String 'None'
			}
			SHIPINFO - Size Int 0
			HOLDFIREACTIVE Bool False 
			AITYPE String 'AIFLEET'
		}
		FlagIndex Int 0
	}
	00000032 Player
	{
		Name String 'Asteroid Belt'
		Color Colour( 0.000000, 0.000000, 0.000000, 1.000000 )
		IsPlayable Bool False 
		Is Used In Game Bool False 
		Multiplayer Name String ''
		StartPoint Vector3( 1487.875977, 1338.517822, 0.000000 )
		StartPointForwardVector Vector3( 1.000000, 0.000000, 0.000000 )
		Race Int 4
		Points Float 0.000000
		TeamIndex Int -1
		FormationType Int 0
		00000017 FleetAI
		{
			00000001 UPDATETIMER
			{
				StartTime Double 0
			}
			00000001 OFFSETTIMER
			{
				StartTime Double 0
			}
			OFFSETTIME Float 0.062500
			UPDATETIME Float 0.500000
			00000001 FORMATION
			{
				FORMATIONTYPE String 'None'
			}
			SHIPINFO - Size Int 0
			HOLDFIREACTIVE Bool False 
			AITYPE String 'AIFLEET'
		}
		FlagIndex Int 0
	}
	00000032 Player
	{
		Name String 'Navy'
		Color Colour( 0.066667, 0.266667, 0.733333, 1.000000 )
		IsPlayable Bool True
		Is Used In Game Bool False 
		Multiplayer Name String ''
		StartPoint Vector3( -1961.181885, 590.462585, 0.000000 )
		StartPointForwardVector Vector3( 0.887264, -0.461262, 0.000000 )
		Race Int 4
		Points Float 0.000000
		TeamIndex Int -1
		FormationType Int 0
		00000017 FleetAI
		{
			00000001 UPDATETIMER
			{
				StartTime Double 0
			}
			00000001 OFFSETTIMER
			{
				StartTime Double 0
			}
			OFFSETTIME Float 0.062500
			UPDATETIME Float 0.500000
			00000001 FORMATION
			{
				FORMATIONTYPE String 'None'
			}
			SHIPINFO - Size Int 0
			HOLDFIREACTIVE Bool False 
			AITYPE String 'AIFLEET'
		}
		FlagIndex Int 0
	}
	NextID Int 444
	# World Object List
	WorldObjects Int 220
	ID Int 1
	Type String 'Island01'
	00000014 State
	{
		HasState Bool False 
		Position Vector3( 457.890503, -1665.538940, 0.000000 )
		Orientation Matrix33( 0.422608, 0.906313, 0.000000, -0.906313, 0.422608, 0.000000, 0.000000, 0.000000, 1.000000 )
		PlayerIndex Int -1
		# AIEntity
		Type String ''
		# RenderEntity
		Type String ''
		# PhysicsEntity
		Type String ''
		# CollisionEntity
		Type String ''
		# CustomInfoEntity
		Type String ''
	}
	ID Int 2
	Type String 'Base_Montgomery'
	00000014 State
	{
		HasState Bool False 
		Position Vector3( 1439.349487, -1573.311646, 0.000244 )
		Orientation Matrix33( 0.961266, 0.275624, 0.000000, -0.275624, 0.961266, 0.000000, 0.000000, 0.000000, 1.000000 )
		PlayerIndex Int 3
		# AIEntity
		Type String ''
		# RenderEntity
		Type String ''
		# PhysicsEntity
		Type String ''
		# CollisionEntity
		Type String ''
		# CustomInfoEntity
		Type String ''
	}
	ID Int 3
	Type String 'Island02'
	00000014 State
	{
		HasState Bool False 
		Position Vector3( 1318.210327, -1265.757202, 0.000000 )
		Orientation Matrix33( -1.000000, 0.000000, 0.000000, 0.000000, -1.000000, 0.000000, 0.000000, 0.000000, 1.000000 )
		PlayerIndex Int -1
		# AIEntity
		Type String ''
		# RenderEntity
		Type String ''
		# PhysicsEntity
		Type String ''
		# CollisionEntity
		Type String ''
		# CustomInfoEntity
		Type String ''
	}
	ID Int 4
	Type String 'Island09'
	00000014 State
	{
		HasState Bool False 
		Position Vector3( 1385.372314, -1135.704224, 0.000000 )
		Orientation Matrix33( 0.422632, 0.906301, 0.000000, -0.906301, 0.422632, 0.000000, 0.000000, 0.000000, 1.000000 )
		PlayerIndex Int -1
		# AIEntity
		Type String ''
		# RenderEntity
		Type String ''
		# PhysicsEntity
		Type String ''
		# CollisionEntity
		Type String ''
		# CustomInfoEntity
		Type String ''
	}
	ID Int 5
	Type String 'Island10'
	00000014 State
	{
		HasState Bool False 
		Position Vector3( 1204.026245, -1446.298340, 0.000000 )
		Orientation Matrix33( 0.999390, -0.034912, 0.000000, 0.034912, 0.999390, 0.000000, 0.000000, 0.000000, 1.000000 )
		PlayerIndex Int -1
		# AIEntity
		Type String ''
		# RenderEntity
		Type String ''
		# PhysicsEntity
		Type String ''
		# CollisionEntity
		Type String ''
		# CustomInfoEntity
		Type String ''
	}
	ID Int 6
	Type String 'Asteroid_Large'
	00000014 State
	{
		HasState Bool False 
		Position Vector3( 1194.176147, -1509.816284, -0.000122 )
		Orientation Matrix33( 0.951073, 0.308967, 0.000000, -0.308967, 0.951073, 0.000000, 0.000000, 0.000000, 1.000000 )
		PlayerIndex Int -1
		# AIEntity
		Type String ''
		# RenderEntity
		Type String ''
		# PhysicsEntity
		Type String ''
		# CollisionEntity
		Type String ''
		# CustomInfoEntity
		Type String ''
	}
	ID Int 8
	Type String 'Asteroid_Large'
	00000014 State
	{
		HasState Bool False 
		Position Vector3( 1313.253662, -1191.904175, 12.000000 )
		Orientation Matrix33( -0.019579, 0.958737, 0.283618, 0.527465, -0.231079, 0.817547, 0.849351, 0.165605, -0.501176 )
		PlayerIndex Int -1
		# AIEntity
		Type String ''
		# RenderEntity
		Type String ''
		# PhysicsEntity
		Type String ''
		# CollisionEntity
		Type String ''
		# CustomInfoEntity
		Type String ''
	}
	ID Int 9
	Type String 'Asteroid_Med'
	00000014 State
	{
		HasState Bool False 
		Position Vector3( 1346.753052, -1173.519165, 0.000000 )
		Orientation Matrix33( -0.531651, 0.806798, -0.257729, 0.548829, 0.559937, 0.620691, 0.645084, 0.188542, -0.740485 )
		PlayerIndex Int -1
		# AIEntity
		Type String ''
		# RenderEntity
		Type String ''
		# PhysicsEntity
		Type String ''
		# CollisionEntity
		Type String ''
		# CustomInfoEntity
		Type String ''
	}
	ID Int 10
	Type String 'Asteroid_Med'
	00000014 State
	{
		HasState Bool False 
		Position Vector3( 1277.324585, -1195.639893, 0.000000 )
		Orientation Matrix33( 0.425768, -0.904819, -0.004825, -0.592529, -0.274780, -0.757235, 0.683835, 0.325265, -0.653125 )
		PlayerIndex Int -1
		# AIEntity
		Type String ''
		# RenderEntity
		Type String ''
		# PhysicsEntity
		Type String ''
		# CollisionEntity
		Type String ''
		# CustomInfoEntity
		Type String ''
	}
	ID Int 11
	Type String 'Asteroid_Med'
	00000014 State
	{
		HasState Bool False 
		Position Vector3( 1166.950439, -1487.332520, 7.000000 )
		Orientation Matrix33( -0.306535, 0.934342, 0.181771, 0.394532, -0.049072, 0.917571, 0.866245, 0.352983, -0.353585 )
		PlayerIndex Int -1
		# AIEntity
		Type String ''
		# RenderEntity
		Type String ''
		# PhysicsEntity
		Type String ''
		# CollisionEntity
		Type String ''
		# CustomInfoEntity
		Type String ''
	}
	ID Int 12
	Type String 'Asteroid_Med'
	00000014 State
	{
		HasState Bool False 
		Position Vector3( 1338.682739, -1207.687744, -5.000000 )
		Orientation Matrix33( 0.931584, 0.114678, -0.344964, 0.045532, -0.978274, -0.202253, -0.360663, 0.172709, -0.916566 )
		PlayerIndex Int -1
		# AIEntity
		Type String ''
		# RenderEntity
		Type String ''
		# PhysicsEntity
		Type String ''
		# CollisionEntity
		Type String ''
		# CustomInfoEntity
		Type String ''
	}
	ID Int 14
	Type String 'Asteroid_Small'
	00000014 State
	{
		HasState Bool False 
		Position Vector3( 1463.096191, -1097.735962, 0.140522 )
		Orientation Matrix33( -0.236629, -0.832401, 0.501114, 0.649170, 0.248291, 0.718978, -0.722900, 0.495439, 0.481617 )
		PlayerIndex Int -1
		# AIEntity
		Type String ''
		# RenderEntity
		Type String ''
		# PhysicsEntity
		Type String ''
		# CollisionEntity
		Type String ''
		# CustomInfoEntity
		Type String ''
	}
	ID Int 16
	Type String 'Asteroid_Small'
	00000014 State
	{
		HasState Bool False 
		Position Vector3( 1175.618286, -1568.795044, 6.367162 )
		Orientation Matrix33( -0.614898, 0.590063, 0.523188, -0.045898, -0.689087, 0.723224, 0.787270, 0.420696, 0.450801 )
		PlayerIndex Int -1
		# AIEntity
		Type String ''
		# RenderEntity
		Type String ''
		# PhysicsEntity
		Type String ''
		# CollisionEntity
		Type String ''
		# CustomInfoEntity
		Type String ''
	}
	ID Int 17
	Type String 'Asteroid_Small'
	00000014 State
	{
		HasState Bool False 
		Position Vector3( 1194.815430, -1581.353149, 0.159048 )
		Orientation Matrix33( -0.716995, 0.459856, 0.523881, 0.085327, -0.687989, 0.720688, 0.691837, 0.561431, 0.454046 )
		PlayerIndex Int -1
		# AIEntity
		Type String ''
		# RenderEntity
		Type String ''
		# PhysicsEntity
		Type String ''
		# CollisionEntity
		Type String ''
		# CustomInfoEntity
		Type String ''
	}
	ID Int 18
	Type String 'Asteroid_Small'
	00000014 State
	{
		HasState Bool False 
		Position Vector3( 1183.533325, -1604.706055, 7.163736 )
		Orientation Matrix33( -0.666369, -0.541387, 0.512691, 0.681030, -0.161987, 0.714114, -0.303563, 0.825021, 0.476644 )
		PlayerIndex Int -1
		# AIEntity
		Type String ''
		# RenderEntity
		Type String ''
		# PhysicsEntity
		Type String ''
		# CollisionEntity
		Type String ''
		# CustomInfoEntity
		Type String ''
	}
	ID Int 19
	Type String 'Asteroid_Large'
	00000014 State
	{
		HasState Bool False 
		Position Vector3( 1193.341797, -1543.608398, 8.002220 )
		Orientation Matrix33( 0.139498, 0.984816, -0.103333, 0.723145, -0.030029, 0.690043, 0.676462, -0.170984, -0.716354 )
		PlayerIndex Int -1
		# AIEntity
		Type String ''
		# RenderEntity
		Type String ''
		# PhysicsEntity
		Type String ''
		# CollisionEntity
		Type String ''
		# CustomInfoEntity
		Type String ''
	}
	ID Int 20
	Type String 'Island06'
	00000014 State
	{
		HasState Bool False 
		Position Vector3( 1469.804199, -1068.283081, 0.000000 )
		Orientation Matrix33( 0.951073, 0.308967, 0.000000, -0.308967, 0.951073, 0.000000, 0.000000, 0.000000, 1.000000 )
		PlayerIndex Int -1
		# AIEntity
		Type String ''
		# RenderEntity
		Type String ''
		# PhysicsEntity
		Type String ''
		# CollisionEntity
		Type String ''
		# CustomInfoEntity
		Type String ''
	}
	ID Int 21
	Type String 'Asteroid_Small'
	00000014 State
	{
		HasState Bool False 
		Position Vector3( 1530.528320, -1052.561523, 5.000000 )
		Orientation Matrix33( 0.966993, 0.120830, -0.224330, -0.120367, 0.992604, 0.015790, 0.224579, 0.011733, 0.974385 )
		PlayerIndex Int -1
		# AIEntity
		Type String ''
		# RenderEntity
		Type String ''
		# PhysicsEntity
		Type String ''
		# CollisionEntity
		Type String ''
		# CustomInfoEntity
		Type String ''
	}
	ID Int 22
	Type String 'Island14'
	00000014 State
	{
		HasState Bool False 
		Position Vector3( 1527.779053, -1462.968018, -5.002565 )
		Orientation Matrix33( -0.860094, -0.458310, 0.224030, 0.484855, -0.870957, 0.079689, 0.158598, 0.177162, 0.971319 )
		PlayerIndex Int -1
		# AIEntity
		Type String ''
		# RenderEntity
		Type String ''
		# PhysicsEntity
		Type String ''
		# CollisionEntity
		Type String ''
		# CustomInfoEntity
		Type String ''
	}
	ID Int 27
	Type String 'Ship_Navy_Sloop'
	00000014 State
	{
		HasState Bool False 
		Position Vector3( 1389.039429, -1456.359863, -0.000061 )
		Orientation Matrix33( 0.587802, 0.809005, 0.000000, -0.809005, 0.587802, 0.000000, 0.000000, 0.000000, 1.000000 )
		PlayerIndex Int -1
		# AIEntity
		Type String ''
		# RenderEntity
		Type String ''
		# PhysicsEntity
		Type String ''
		# CollisionEntity
		Type String ''
		# CustomInfoEntity
		Type String ''
	}
	ID Int 28
	Type String 'Ship_Navy_Torpedo'
	00000014 State
	{
		HasState Bool False 
		Position Vector3( 1402.273926, -1431.073242, 0.000000 )
		Orientation Matrix33( 0.587881, 0.808947, 0.000000, -0.808947, 0.587881, 0.000000, 0.000000, 0.000000, 1.000000 )
		PlayerIndex Int 0
		# AIEntity
		Type String ''
		# RenderEntity
		Type String ''
		# PhysicsEntity
		Type String ''
		# CollisionEntity
		Type String ''
		# CustomInfoEntity
		Type String ''
	}
	ID Int 29
	Type String 'Asteroid_Large'
	00000014 State
	{
		HasState Bool False 
		Position Vector3( 1437.647949, -1141.244629, -0.000061 )
		Orientation Matrix33( 0.951073, 0.308967, 0.000000, -0.308967, 0.951073, 0.000000, 0.000000, 0.000000, 1.000000 )
		PlayerIndex Int -1
		# AIEntity
		Type String ''
		# RenderEntity
		Type String ''
		# PhysicsEntity
		Type String ''
		# CollisionEntity
		Type String ''
		# CustomInfoEntity
		Type String ''
	}
	ID Int 30
	Type String 'Asteroid_Large'
	00000014 State
	{
		HasState Bool False 
		Position Vector3( 1510.405640, -1067.296753, -5.000061 )
		Orientation Matrix33( -0.409661, 0.196579, -0.890806, 0.904662, 0.213135, -0.368999, 0.117324, -0.957042, -0.265151 )
		PlayerIndex Int -1
		# AIEntity
		Type String ''
		# RenderEntity
		Type String ''
		# PhysicsEntity
		Type String ''
		# CollisionEntity
		Type String ''
		# CustomInfoEntity
		Type String ''
	}
	ID Int 31
	Type String 'Terrain_Nebula'
	00000014 State
	{
		HasState Bool False 
		Position Vector3( -719.404358, -1345.655029, 0.000000 )
		Orientation Matrix33( 1.000000, 0.000000, 0.000000, 0.000000, 1.000000, 0.000000, 0.000000, 0.000000, 1.000000 )
		PlayerIndex Int -1
		# AIEntity
		Type String ''
		# RenderEntity
		Type String ''
		# PhysicsEntity
		Type String ''
		# CollisionEntity
		Type String ''
		# CustomInfoEntity
		Type String ''
	}
	ID Int 32
	Type String 'Ship_Pirate_Sloop'
	00000014 State
	{
		HasState Bool False 
		Position Vector3( 1483.469238, 1384.815674, 0.000000 )
		Orientation Matrix33( -0.669066, 0.743203, 0.000000, -0.743203, -0.669066, 0.000000, 0.000000, 0.000000, 1.000000 )
		PlayerIndex Int 1
		# AIEntity
		Type String ''
		# RenderEntity
		Type String ''
		# PhysicsEntity
		Type String ''
		# CollisionEntity
		Type String ''
		# CustomInfoEntity
		Type String ''
	}
	ID Int 33
	Type String 'Asteroid_Med'
	00000014 State
	{
		HasState Bool False 
		Position Vector3( 1473.678223, -1124.549561, 0.000000 )
		Orientation Matrix33( 1.000000, 0.000000, 0.000000, 0.000000, 1.000000, 0.000000, 0.000000, 0.000000, 1.000000 )
		PlayerIndex Int -1
		# AIEntity
		Type String ''
		# RenderEntity
		Type String ''
		# PhysicsEntity
		Type String ''
		# CollisionEntity
		Type String ''
		# CustomInfoEntity
		Type String ''
	}
	ID Int 34
	Type String 'Asteroid_Med'
	00000014 State
	{
		HasState Bool False 
		Position Vector3( 1361.884277, -1200.522339, 5.999939 )
		Orientation Matrix33( -0.285092, 0.758326, 0.586229, -0.581665, 0.349243, -0.734640, -0.761833, -0.550428, 0.341525 )
		PlayerIndex Int -1
		# AIEntity
		Type String ''
		# RenderEntity
		Type String ''
		# PhysicsEntity
		Type String ''
		# CollisionEntity
		Type String ''
		# CustomInfoEntity
		Type String ''
	}
	ID Int 35
	Type String 'Asteroid_Med'
	00000014 State
	{
		HasState Bool False 
		Position Vector3( 1147.601563, -1402.109375, 5.000061 )
		Orientation Matrix33( 1.000000, 0.000000, 0.000000, 0.000000, 1.000000, 0.000000, 0.000000, 0.000000, 1.000000 )
		PlayerIndex Int -1
		# AIEntity
		Type String ''
		# RenderEntity
		Type String ''
		# PhysicsEntity
		Type String ''
		# CollisionEntity
		Type String ''
		# CustomInfoEntity
		Type String ''
	}
	ID Int 36
	Type String 'Island12'
	00000014 State
	{
		HasState Bool False 
		Position Vector3( 1630.803101, -1082.618164, 0.000000 )
		Orientation Matrix33( 0.469485, 0.882940, 0.000000, -0.882940, 0.469485, 0.000000, 0.000000, 0.000000, 1.000000 )
		PlayerIndex Int -1
		# AIEntity
		Type String ''
		# RenderEntity
		Type String ''
		# PhysicsEntity
		Type String ''
		# CollisionEntity
		Type String ''
		# CustomInfoEntity
		Type String ''
	}
	ID Int 37
	Type String 'Asteroid_Med'
	00000014 State
	{
		HasState Bool False 
		Position Vector3( 1550.508911, -1071.700195, 0.000000 )
		Orientation Matrix33( 1.000000, 0.000000, 0.000000, 0.000000, 1.000000, 0.000000, 0.000000, 0.000000, 1.000000 )
		PlayerIndex Int -1
		# AIEntity
		Type String ''
		# RenderEntity
		Type String ''
		# PhysicsEntity
		Type String ''
		# CollisionEntity
		Type String ''
		# CustomInfoEntity
		Type String ''
	}
	ID Int 38
	Type String 'Island_Med01'
	00000014 State
	{
		HasState Bool False 
		Position Vector3( 642.297974, -1528.826172, -0.000122 )
		Orientation Matrix33( 1.000000, 0.000000, 0.000000, 0.000000, 1.000000, 0.000000, 0.000000, 0.000000, 1.000000 )
		PlayerIndex Int -1
		# AIEntity
		Type String ''
		# RenderEntity
		Type String ''
		# PhysicsEntity
		Type String ''
		# CollisionEntity
		Type String ''
		# CustomInfoEntity
		Type String ''
	}
	ID Int 39
	Type String 'Island09'
	00000014 State
	{
		HasState Bool False 
		Position Vector3( 598.927856, -1635.479614, 0.000000 )
		Orientation Matrix33( -0.034912, 0.999390, 0.000000, -0.999390, -0.034912, 0.000000, 0.000000, 0.000000, 1.000000 )
		PlayerIndex Int -1
		# AIEntity
		Type String ''
		# RenderEntity
		Type String ''
		# PhysicsEntity
		Type String ''
		# CollisionEntity
		Type String ''
		# CustomInfoEntity
		Type String ''
	}
	ID Int 40
	Type String 'Island10'
	00000014 State
	{
		HasState Bool False 
		Position Vector3( 807.568970, -1646.853027, 0.000000 )
		Orientation Matrix33( -0.838667, -0.544645, 0.000000, 0.544645, -0.838667, 0.000000, 0.000000, 0.000000, 1.000000 )
		PlayerIndex Int -1
		# AIEntity
		Type String ''
		# RenderEntity
		Type String ''
		# PhysicsEntity
		Type String ''
		# CollisionEntity
		Type String ''
		# CustomInfoEntity
		Type String ''
	}
	ID Int 41
	Type String 'Ship_Pirate_Schooner'
	00000014 State
	{
		HasState Bool False 
		Position Vector3( -879.987549, 834.591492, 0.000031 )
		Orientation Matrix33( 0.052331, -0.998630, 0.000000, 0.998630, 0.052331, 0.000000, 0.000000, 0.000000, 1.000000 )
		PlayerIndex Int 1
		# AIEntity
		Type String ''
		# RenderEntity
		Type String ''
		# PhysicsEntity
		Type String ''
		# CollisionEntity
		Type String ''
		# CustomInfoEntity
		Type String ''
	}
	ID Int 42
	Type String 'Ship_Pirate_Barque'
	00000014 State
	{
		HasState Bool False 
		Position Vector3( 1930.520874, 1934.073364, 0.000000 )
		Orientation Matrix33( -0.669042, 0.743225, 0.000000, -0.743225, -0.669042, 0.000000, 0.000000, 0.000000, 1.000000 )
		PlayerIndex Int 1
		# AIEntity
		Type String ''
		# RenderEntity
		Type String ''
		# PhysicsEntity
		Type String ''
		# CollisionEntity
		Type String ''
		# CustomInfoEntity
		Type String ''
	}
	ID Int 44
	Type String 'Ship_Pirate_Silver'
	00000014 State
	{
		HasState Bool False 
		Position Vector3( 2036.512573, 1988.064575, 0.000000 )
		Orientation Matrix33( -0.682008, 0.731346, 0.000000, -0.731346, -0.682008, 0.000000, 0.000000, 0.000000, 1.000000 )
		PlayerIndex Int 1
		# AIEntity
		Type String ''
		# RenderEntity
		Type String ''
		# PhysicsEntity
		Type String ''
		# CollisionEntity
		Type String ''
		# CustomInfoEntity
		Type String ''
	}
	ID Int 80
	Type String 'Terrain_Planet_Ringo'
	00000014 State
	{
		HasState Bool False 
		Position Vector3( 756.799011, 898.802124, -73.000000 )
		Orientation Matrix33( 1.000000, 0.000000, 0.000000, 0.000000, 1.000000, 0.000000, 0.000000, 0.000000, 1.000000 )
		PlayerIndex Int -1
		# AIEntity
		Type String ''
		# RenderEntity
		Type String ''
		# PhysicsEntity
		Type String ''
		# CollisionEntity
		Type String ''
		# CustomInfoEntity
		Type String ''
	}
	ID Int 85
	Type String 'Island01'
	00000014 State
	{
		HasState Bool False 
		Position Vector3( -163.500717, 233.537643, -4.000000 )
		Orientation Matrix33( 0.777148, 0.629318, 0.000000, -0.629318, 0.777148, 0.000000, 0.000000, 0.000000, 1.000000 )
		PlayerIndex Int -1
		# AIEntity
		Type String ''
		# RenderEntity
		Type String ''
		# PhysicsEntity
		Type String ''
		# CollisionEntity
		Type String ''
		# CustomInfoEntity
		Type String ''
	}
	ID Int 86
	Type String 'Island13'
	00000014 State
	{
		HasState Bool False 
		Position Vector3( -140.679825, 122.569290, 0.000000 )
		Orientation Matrix33( 0.920504, -0.390733, 0.000000, 0.390733, 0.920504, 0.000000, 0.000000, 0.000000, 1.000000 )
		PlayerIndex Int -1
		# AIEntity
		Type String ''
		# RenderEntity
		Type String ''
		# PhysicsEntity
		Type String ''
		# CollisionEntity
		Type String ''
		# CustomInfoEntity
		Type String ''
	}
	ID Int 87
	Type String 'Island05'
	00000014 State
	{
		HasState Bool False 
		Position Vector3( -135.209747, 334.151703, 0.000000 )
		Orientation Matrix33( 0.848046, 0.529923, 0.000000, -0.529923, 0.848046, 0.000000, 0.000000, 0.000000, 1.000000 )
		PlayerIndex Int -1
		# AIEntity
		Type String ''
		# RenderEntity
		Type String ''
		# PhysicsEntity
		Type String ''
		# CollisionEntity
		Type String ''
		# CustomInfoEntity
		Type String ''
	}
	ID Int 88
	Type String 'Island10'
	00000014 State
	{
		HasState Bool False 
		Position Vector3( 65.151749, 183.738297, 0.000000 )
		Orientation Matrix33( 0.469473, -0.882947, 0.000000, 0.882947, 0.469473, 0.000000, 0.000000, 0.000000, 1.000000 )
		PlayerIndex Int -1
		# AIEntity
		Type String ''
		# RenderEntity
		Type String ''
		# PhysicsEntity
		Type String ''
		# CollisionEntity
		Type String ''
		# CustomInfoEntity
		Type String ''
	}
	ID Int 89
	Type String 'Ship_Pirate_Sloop'
	00000014 State
	{
		HasState Bool False 
		Position Vector3( -887.786865, 879.422302, 0.000000 )
		Orientation Matrix33( 0.139170, -0.990269, 0.000000, 0.990269, 0.139170, 0.000000, 0.000000, 0.000000, 1.000000 )
		PlayerIndex Int 1
		# AIEntity
		Type String ''
		# RenderEntity
		Type String ''
		# PhysicsEntity
		Type String ''
		# CollisionEntity
		Type String ''
		# CustomInfoEntity
		Type String ''
	}
	ID Int 185
	Type String 'Terrain_Etherium_Current'
	00000014 State
	{
		HasState Bool False 
		Position Vector3( -27.515072, 254.848831, 0.000000 )
		Orientation Matrix33( 1.000000, 0.000000, 0.000000, 0.000000, 1.000000, 0.000000, 0.000000, 0.000000, 1.000000 )
		PlayerIndex Int -1
		# AIEntity
		Type String ''
		# RenderEntity
		Type String ''
		# PhysicsEntity
		Type String ''
		# CollisionEntity
		Type String ''
		# CustomInfoEntity
		Type String ''
	}
	ID Int 192
	Type String 'Asteroid_Huge'
	00000014 State
	{
		HasState Bool False 
		Position Vector3( 2094.244385, 730.178528, 23.000000 )
		Orientation Matrix33( 1.000000, 0.000000, 0.000000, 0.000000, 1.000000, 0.000000, 0.000000, 0.000000, 1.000000 )
		PlayerIndex Int -1
		# AIEntity
		Type String ''
		# RenderEntity
		Type String ''
		# PhysicsEntity
		Type String ''
		# CollisionEntity
		Type String ''
		# CustomInfoEntity
		Type String ''
	}
	ID Int 194
	Type String 'Asteroid_Large'
	00000014 State
	{
		HasState Bool False 
		Position Vector3( 1097.837280, 1535.464844, 24.000000 )
		Orientation Matrix33( 1.000000, 0.000000, 0.000000, 0.000000, 1.000000, 0.000000, 0.000000, 0.000000, 1.000000 )
		PlayerIndex Int -1
		# AIEntity
		Type String ''
		# RenderEntity
		Type String ''
		# PhysicsEntity
		Type String ''
		# CollisionEntity
		Type String ''
		# CustomInfoEntity
		Type String ''
	}
	ID Int 196
	Type String 'Asteroid_Large'
	00000014 State
	{
		HasState Bool False 
		Position Vector3( 781.099670, 1873.225830, 23.000000 )
		Orientation Matrix33( 1.000000, 0.000000, 0.000000, 0.000000, 1.000000, 0.000000, 0.000000, 0.000000, 1.000000 )
		PlayerIndex Int -1
		# AIEntity
		Type String ''
		# RenderEntity
		Type String ''
		# PhysicsEntity
		Type String ''
		# CollisionEntity
		Type String ''
		# CustomInfoEntity
		Type String ''
	}
	ID Int 198
	Type String 'Asteroid_Large'
	00000014 State
	{
		HasState Bool False 
		Position Vector3( 927.856201, 1600.056641, 24.000000 )
		Orientation Matrix33( 1.000000, 0.000000, 0.000000, 0.000000, 1.000000, 0.000000, 0.000000, 0.000000, 1.000000 )
		PlayerIndex Int -1
		# AIEntity
		Type String ''
		# RenderEntity
		Type String ''
		# PhysicsEntity
		Type String ''
		# CollisionEntity
		Type String ''
		# CustomInfoEntity
		Type String ''
	}
	ID Int 199
	Type String 'Asteroid_Large'
	00000014 State
	{
		HasState Bool False 
		Position Vector3( 1262.645264, 1159.193848, 29.000000 )
		Orientation Matrix33( 1.000000, 0.000000, 0.000000, 0.000000, 1.000000, 0.000000, 0.000000, 0.000000, 1.000000 )
		PlayerIndex Int -1
		# AIEntity
		Type String ''
		# RenderEntity
		Type String ''
		# PhysicsEntity
		Type String ''
		# CollisionEntity
		Type String ''
		# CustomInfoEntity
		Type String ''
	}
	ID Int 201
	Type String 'Asteroid_Large'
	00000014 State
	{
		HasState Bool False 
		Position Vector3( 1675.905762, 854.909912, 26.000000 )
		Orientation Matrix33( 1.000000, 0.000000, 0.000000, 0.000000, 1.000000, 0.000000, 0.000000, 0.000000, 1.000000 )
		PlayerIndex Int -1
		# AIEntity
		Type String ''
		# RenderEntity
		Type String ''
		# PhysicsEntity
		Type String ''
		# CollisionEntity
		Type String ''
		# CustomInfoEntity
		Type String ''
	}
	ID Int 203
	Type String 'Asteroid_Large'
	00000014 State
	{
		HasState Bool False 
		Position Vector3( 2029.879517, 730.901001, 29.000000 )
		Orientation Matrix33( 1.000000, 0.000000, 0.000000, 0.000000, 1.000000, 0.000000, 0.000000, 0.000000, 1.000000 )
		PlayerIndex Int -1
		# AIEntity
		Type String ''
		# RenderEntity
		Type String ''
		# PhysicsEntity
		Type String ''
		# CollisionEntity
		Type String ''
		# CustomInfoEntity
		Type String ''
	}
	ID Int 205
	Type String 'Asteroid_Large'
	00000014 State
	{
		HasState Bool False 
		Position Vector3( 1845.949585, 756.765503, 22.000000 )
		Orientation Matrix33( 1.000000, 0.000000, 0.000000, 0.000000, 1.000000, 0.000000, 0.000000, 0.000000, 1.000000 )
		PlayerIndex Int -1
		# AIEntity
		Type String ''
		# RenderEntity
		Type String ''
		# PhysicsEntity
		Type String ''
		# CollisionEntity
		Type String ''
		# CustomInfoEntity
		Type String ''
	}
	ID Int 206
	Type String 'Asteroid_Large'
	00000014 State
	{
		HasState Bool False 
		Position Vector3( 1353.598145, 1179.583008, 23.000000 )
		Orientation Matrix33( 1.000000, 0.000000, 0.000000, 0.000000, 1.000000, 0.000000, 0.000000, 0.000000, 1.000000 )
		PlayerIndex Int -1
		# AIEntity
		Type String ''
		# RenderEntity
		Type String ''
		# PhysicsEntity
		Type String ''
		# CollisionEntity
		Type String ''
		# CustomInfoEntity
		Type String ''
	}
	ID Int 208
	Type String 'Asteroid_Large'
	00000014 State
	{
		HasState Bool False 
		Position Vector3( 1089.629639, 1354.377686, 25.000000 )
		Orientation Matrix33( 1.000000, 0.000000, 0.000000, 0.000000, 1.000000, 0.000000, 0.000000, 0.000000, 1.000000 )
		PlayerIndex Int -1
		# AIEntity
		Type String ''
		# RenderEntity
		Type String ''
		# PhysicsEntity
		Type String ''
		# CollisionEntity
		Type String ''
		# CustomInfoEntity
		Type String ''
	}
	ID Int 209
	Type String 'Asteroid_Large'
	00000014 State
	{
		HasState Bool False 
		Position Vector3( 1015.537170, 1584.632568, 32.000000 )
		Orientation Matrix33( 1.000000, 0.000000, 0.000000, 0.000000, 1.000000, 0.000000, 0.000000, 0.000000, 1.000000 )
		PlayerIndex Int -1
		# AIEntity
		Type String ''
		# RenderEntity
		Type String ''
		# PhysicsEntity
		Type String ''
		# CollisionEntity
		Type String ''
		# CustomInfoEntity
		Type String ''
	}
	ID Int 210
	Type String 'Asteroid_Large'
	00000014 State
	{
		HasState Bool False 
		Position Vector3( 1582.217041, 920.519287, 29.000000 )
		Orientation Matrix33( 1.000000, 0.000000, 0.000000, 0.000000, 1.000000, 0.000000, 0.000000, 0.000000, 1.000000 )
		PlayerIndex Int -1
		# AIEntity
		Type String ''
		# RenderEntity
		Type String ''
		# PhysicsEntity
		Type String ''
		# CollisionEntity
		Type String ''
		# CustomInfoEntity
		Type String ''
	}
	ID Int 214
	Type String 'Asteroid_Med'
	00000014 State
	{
		HasState Bool False 
		Position Vector3( 1190.929932, 1361.332275, 26.000000 )
		Orientation Matrix33( 1.000000, 0.000000, 0.000000, 0.000000, 1.000000, 0.000000, 0.000000, 0.000000, 1.000000 )
		PlayerIndex Int -1
		# AIEntity
		Type String ''
		# RenderEntity
		Type String ''
		# PhysicsEntity
		Type String ''
		# CollisionEntity
		Type String ''
		# CustomInfoEntity
		Type String ''
	}
	ID Int 215
	Type String 'Asteroid_Med'
	00000014 State
	{
		HasState Bool False 
		Position Vector3( 849.589355, 1727.175537, 23.000000 )
		Orientation Matrix33( 1.000000, 0.000000, 0.000000, 0.000000, 1.000000, 0.000000, 0.000000, 0.000000, 1.000000 )
		PlayerIndex Int -1
		# AIEntity
		Type String ''
		# RenderEntity
		Type String ''
		# PhysicsEntity
		Type String ''
		# CollisionEntity
		Type String ''
		# CustomInfoEntity
		Type String ''
	}
	ID Int 217
	Type String 'Asteroid_Med'
	00000014 State
	{
		HasState Bool False 
		Position Vector3( 1631.391968, 872.748657, 27.000000 )
		Orientation Matrix33( 1.000000, 0.000000, 0.000000, 0.000000, 1.000000, 0.000000, 0.000000, 0.000000, 1.000000 )
		PlayerIndex Int -1
		# AIEntity
		Type String ''
		# RenderEntity
		Type String ''
		# PhysicsEntity
		Type String ''
		# CollisionEntity
		Type String ''
		# CustomInfoEntity
		Type String ''
	}
	ID Int 218
	Type String 'Asteroid_Med'
	00000014 State
	{
		HasState Bool False 
		Position Vector3( 1780.435913, 795.895874, 7.999756 )
		Orientation Matrix33( 1.000000, 0.000000, 0.000000, 0.000000, 1.000000, 0.000000, 0.000000, 0.000000, 1.000000 )
		PlayerIndex Int -1
		# AIEntity
		Type String ''
		# RenderEntity
		Type String ''
		# PhysicsEntity
		Type String ''
		# CollisionEntity
		Type String ''
		# CustomInfoEntity
		Type String ''
	}
	ID Int 219
	Type String 'Asteroid_Med'
	00000014 State
	{
		HasState Bool False 
		Position Vector3( 1953.090088, 699.241821, 23.000000 )
		Orientation Matrix33( 1.000000, 0.000000, 0.000000, 0.000000, 1.000000, 0.000000, 0.000000, 0.000000, 1.000000 )
		PlayerIndex Int -1
		# AIEntity
		Type String ''
		# RenderEntity
		Type String ''
		# PhysicsEntity
		Type String ''
		# CollisionEntity
		Type String ''
		# CustomInfoEntity
		Type String ''
	}
	ID Int 220
	Type String 'Asteroid_Med'
	00000014 State
	{
		HasState Bool False 
		Position Vector3( 1900.154663, 709.181030, 7.000000 )
		Orientation Matrix33( 1.000000, 0.000000, 0.000000, 0.000000, 1.000000, 0.000000, 0.000000, 0.000000, 1.000000 )
		PlayerIndex Int -1
		# AIEntity
		Type String ''
		# RenderEntity
		Type String ''
		# PhysicsEntity
		Type String ''
		# CollisionEntity
		Type String ''
		# CustomInfoEntity
		Type String ''
	}
	ID Int 221
	Type String 'Asteroid_Med'
	00000014 State
	{
		HasState Bool False 
		Position Vector3( 2004.746582, 666.783569, 20.000244 )
		Orientation Matrix33( 1.000000, 0.000000, 0.000000, 0.000000, 1.000000, 0.000000, 0.000000, 0.000000, 1.000000 )
		PlayerIndex Int -1
		# AIEntity
		Type String ''
		# RenderEntity
		Type String ''
		# PhysicsEntity
		Type String ''
		# CollisionEntity
		Type String ''
		# CustomInfoEntity
		Type String ''
	}
	ID Int 222
	Type String 'Asteroid_Med'
	00000014 State
	{
		HasState Bool False 
		Position Vector3( 2088.082764, 692.359985, 23.999756 )
		Orientation Matrix33( 1.000000, 0.000000, 0.000000, 0.000000, 1.000000, 0.000000, 0.000000, 0.000000, 1.000000 )
		PlayerIndex Int -1
		# AIEntity
		Type String ''
		# RenderEntity
		Type String ''
		# PhysicsEntity
		Type String ''
		# CollisionEntity
		Type String ''
		# CustomInfoEntity
		Type String ''
	}
	ID Int 223
	Type String 'Asteroid_Med'
	00000014 State
	{
		HasState Bool False 
		Position Vector3( 1064.944580, 1399.979980, 8.000000 )
		Orientation Matrix33( 1.000000, 0.000000, 0.000000, 0.000000, 1.000000, 0.000000, 0.000000, 0.000000, 1.000000 )
		PlayerIndex Int -1
		# AIEntity
		Type String ''
		# RenderEntity
		Type String ''
		# PhysicsEntity
		Type String ''
		# CollisionEntity
		Type String ''
		# CustomInfoEntity
		Type String ''
	}
	ID Int 224
	Type String 'Asteroid_Med'
	00000014 State
	{
		HasState Bool False 
		Position Vector3( 980.338074, 1668.561768, 27.000000 )
		Orientation Matrix33( 1.000000, 0.000000, 0.000000, 0.000000, 1.000000, 0.000000, 0.000000, 0.000000, 1.000000 )
		PlayerIndex Int -1
		# AIEntity
		Type String ''
		# RenderEntity
		Type String ''
		# PhysicsEntity
		Type String ''
		# CollisionEntity
		Type String ''
		# CustomInfoEntity
		Type String ''
	}
	ID Int 225
	Type String 'Asteroid_Large'
	00000014 State
	{
		HasState Bool False 
		Position Vector3( 875.316650, 1839.420654, 25.000000 )
		Orientation Matrix33( 1.000000, 0.000000, 0.000000, 0.000000, 1.000000, 0.000000, 0.000000, 0.000000, 1.000000 )
		PlayerIndex Int -1
		# AIEntity
		Type String ''
		# RenderEntity
		Type String ''
		# PhysicsEntity
		Type String ''
		# CollisionEntity
		Type String ''
		# CustomInfoEntity
		Type String ''
	}
	ID Int 228
	Type String 'Asteroid_Large'
	00000014 State
	{
		HasState Bool False 
		Position Vector3( 1444.739502, 997.710571, 31.000000 )
		Orientation Matrix33( 1.000000, 0.000000, 0.000000, 0.000000, 1.000000, 0.000000, 0.000000, 0.000000, 1.000000 )
		PlayerIndex Int -1
		# AIEntity
		Type String ''
		# RenderEntity
		Type String ''
		# PhysicsEntity
		Type String ''
		# CollisionEntity
		Type String ''
		# CustomInfoEntity
		Type String ''
	}
	ID Int 229
	Type String 'Asteroid_Large'
	00000014 State
	{
		HasState Bool False 
		Position Vector3( 1797.176270, 860.389648, 27.000000 )
		Orientation Matrix33( 1.000000, 0.000000, 0.000000, 0.000000, 1.000000, 0.000000, 0.000000, 0.000000, 1.000000 )
		PlayerIndex Int -1
		# AIEntity
		Type String ''
		# RenderEntity
		Type String ''
		# PhysicsEntity
		Type String ''
		# CollisionEntity
		Type String ''
		# CustomInfoEntity
		Type String ''
	}
	ID Int 231
	Type String 'Asteroid_Large'
	00000014 State
	{
		HasState Bool False 
		Position Vector3( 1410.917236, 1149.077148, 17.000000 )
		Orientation Matrix33( 1.000000, 0.000000, 0.000000, 0.000000, 1.000000, 0.000000, 0.000000, 0.000000, 1.000000 )
		PlayerIndex Int -1
		# AIEntity
		Type String ''
		# RenderEntity
		Type String ''
		# PhysicsEntity
		Type String ''
		# CollisionEntity
		Type String ''
		# CustomInfoEntity
		Type String ''
	}
	ID Int 232
	Type String 'Asteroid_Med'
	00000014 State
	{
		HasState Bool False 
		Position Vector3( 1505.335205, 1058.832153, 23.000000 )
		Orientation Matrix33( 1.000000, 0.000000, 0.000000, 0.000000, 1.000000, 0.000000, 0.000000, 0.000000, 1.000000 )
		PlayerIndex Int -1
		# AIEntity
		Type String ''
		# RenderEntity
		Type String ''
		# PhysicsEntity
		Type String ''
		# CollisionEntity
		Type String ''
		# CustomInfoEntity
		Type String ''
	}
	ID Int 233
	Type String 'Asteroid_Med'
	00000014 State
	{
		HasState Bool False 
		Position Vector3( 1625.332397, 960.695923, 22.000000 )
		Orientation Matrix33( 1.000000, 0.000000, 0.000000, 0.000000, 1.000000, 0.000000, 0.000000, 0.000000, 1.000000 )
		PlayerIndex Int -1
		# AIEntity
		Type String ''
		# RenderEntity
		Type String ''
		# PhysicsEntity
		Type String ''
		# CollisionEntity
		Type String ''
		# CustomInfoEntity
		Type String ''
	}
	ID Int 234
	Type String 'Asteroid_Large'
	00000014 State
	{
		HasState Bool False 
		Position Vector3( 821.032959, 1790.782471, 6.999878 )
		Orientation Matrix33( 1.000000, 0.000000, 0.000000, 0.000000, 1.000000, 0.000000, 0.000000, 0.000000, 1.000000 )
		PlayerIndex Int -1
		# AIEntity
		Type String ''
		# RenderEntity
		Type String ''
		# PhysicsEntity
		Type String ''
		# CollisionEntity
		Type String ''
		# CustomInfoEntity
		Type String ''
	}
	ID Int 235
	Type String 'Asteroid_Med'
	00000014 State
	{
		HasState Bool False 
		Position Vector3( 1269.557861, 1211.532959, 7.000122 )
		Orientation Matrix33( 1.000000, 0.000000, 0.000000, 0.000000, 1.000000, 0.000000, 0.000000, 0.000000, 1.000000 )
		PlayerIndex Int -1
		# AIEntity
		Type String ''
		# RenderEntity
		Type String ''
		# PhysicsEntity
		Type String ''
		# CollisionEntity
		Type String ''
		# CustomInfoEntity
		Type String ''
	}
	ID Int 236
	Type String 'Asteroid_Med'
	00000014 State
	{
		HasState Bool False 
		Position Vector3( 862.326660, 1658.645996, 19.000122 )
		Orientation Matrix33( 1.000000, 0.000000, 0.000000, 0.000000, 1.000000, 0.000000, 0.000000, 0.000000, 1.000000 )
		PlayerIndex Int -1
		# AIEntity
		Type String ''
		# RenderEntity
		Type String ''
		# PhysicsEntity
		Type String ''
		# CollisionEntity
		Type String ''
		# CustomInfoEntity
		Type String ''
	}
	ID Int 237
	Type String 'Asteroid_Med'
	00000014 State
	{
		HasState Bool False 
		Position Vector3( 917.487793, 1647.451172, 8.000122 )
		Orientation Matrix33( 1.000000, 0.000000, 0.000000, 0.000000, 1.000000, 0.000000, 0.000000, 0.000000, 1.000000 )
		PlayerIndex Int -1
		# AIEntity
		Type String ''
		# RenderEntity
		Type String ''
		# PhysicsEntity
		Type String ''
		# CollisionEntity
		Type String ''
		# CustomInfoEntity
		Type String ''
	}
	ID Int 238
	Type String 'Asteroid_Large'
	00000014 State
	{
		HasState Bool False 
		Position Vector3( 1137.794678, 1281.808838, 23.999878 )
		Orientation Matrix33( 1.000000, 0.000000, 0.000000, 0.000000, 1.000000, 0.000000, 0.000000, 0.000000, 1.000000 )
		PlayerIndex Int -1
		# AIEntity
		Type String ''
		# RenderEntity
		Type String ''
		# PhysicsEntity
		Type String ''
		# CollisionEntity
		Type String ''
		# CustomInfoEntity
		Type String ''
	}
	ID Int 239
	Type String 'Asteroid_Med'
	00000014 State
	{
		HasState Bool False 
		Position Vector3( 1085.448486, 1453.083496, 29.000122 )
		Orientation Matrix33( 1.000000, 0.000000, 0.000000, 0.000000, 1.000000, 0.000000, 0.000000, 0.000000, 1.000000 )
		PlayerIndex Int -1
		# AIEntity
		Type String ''
		# RenderEntity
		Type String ''
		# PhysicsEntity
		Type String ''
		# CollisionEntity
		Type String ''
		# CustomInfoEntity
		Type String ''
	}
	ID Int 240
	Type String 'Asteroid_Large'
	00000014 State
	{
		HasState Bool False 
		Position Vector3( 1575.589600, 1015.289124, 35.000000 )
		Orientation Matrix33( 1.000000, 0.000000, 0.000000, 0.000000, 1.000000, 0.000000, 0.000000, 0.000000, 1.000000 )
		PlayerIndex Int -1
		# AIEntity
		Type String ''
		# RenderEntity
		Type String ''
		# PhysicsEntity
		Type String ''
		# CollisionEntity
		Type String ''
		# CustomInfoEntity
		Type String ''
	}
	ID Int 241
	Type String 'Asteroid_Med'
	00000014 State
	{
		HasState Bool False 
		Position Vector3( 1891.514526, 812.469727, 9.000000 )
		Orientation Matrix33( 1.000000, 0.000000, 0.000000, 0.000000, 1.000000, 0.000000, 0.000000, 0.000000, 1.000000 )
		PlayerIndex Int -1
		# AIEntity
		Type String ''
		# RenderEntity
		Type String ''
		# PhysicsEntity
		Type String ''
		# CollisionEntity
		Type String ''
		# CustomInfoEntity
