# (c) BaRkiNg DOG studios 2002
00000040 WorldInfo
{
	IsMultiplayerMap Bool True
	MustAssembleFleet Bool True
	World Description String 'IDGS_TPWORLDDESCRIPTION_MP_MOUSETRAP'
	WorldNameID String 'IDGS_TPWORLDNAMES_MP_MOUSETRAP'
	Object Count Int 85
	Team List - Size Int 2
	00000003 Team List - Element
	{
		Team Name ID String 'IDGS_TPTEAMNAMES_PIRATES'
		Race Int 2
		Race Lock Bool True
	}
	00000003 Team List - Element
	{
		Team Name ID String 'IDGS_TPTEAMNAMES_PROCYON'
		Race Int 3
		Race Lock Bool True
	}
	Number of Players Int 8
	PlayerInfo - Player Name String 'Pirate1'
	PlayerInfo - TeamIndex Int 0
	PlayerInfo - Player Name String 'Procyon1'
	PlayerInfo - TeamIndex Int 1
	PlayerInfo - Player Name String 'Pirate2'
	PlayerInfo - TeamIndex Int 0
	PlayerInfo - Player Name String 'Procyon2'
	PlayerInfo - TeamIndex Int 1
	PlayerInfo - Player Name String 'Pirate3'
	PlayerInfo - TeamIndex Int 0
	PlayerInfo - Player Name String 'Procyon3'
	PlayerInfo - TeamIndex Int 1
	PlayerInfo - Player Name String 'Pirate4'
	PlayerInfo - TeamIndex Int 0
	PlayerInfo - Player Name String 'Procyon4'
	PlayerInfo - TeamIndex Int 1
	IsCampaign Bool False 
	Use Custom World Name Bool False 
	Custom World Name String ''
	Use Custom World Description Bool False 
	Custom World Description String ''
}
00000008 Game
{
	00000002 Time
	{
		Game Tick Int 0
		Game Time Double 0
	}
	Frame Int -1
	Paused Bool False 
	ActivePlayerIndex Int -1
}
00002725 World
{
	WorldName String 'Mousetrap'
	Random Seed Int 1649599747
	World Size - Min Vector3( -1750.000000, -1750.000000, -1000.000000 )
	World Size - Max Vector3( 1750.000000, 1750.000000, 1000.000000 )
	# Player List
	PlayerList Int 11
	00000032 Player
	{
		Name String 'Pirate1'
		Color Colour( 1.000000, 0.000000, 0.000000, 1.000000 )
		IsPlayable Bool True
		Is Used In Game Bool False 
		Multiplayer Name String ''
		StartPoint Vector3( 101.075745, 739.635437, 0.000000 )
		StartPointForwardVector Vector3( -0.061652, -0.998098, 0.000000 )
		Race Int 4
		Points Float 0.000000
		TeamIndex Int 0
		FormationType Int 5
		00000017 FleetAI
		{
			00000001 UPDATETIMER
			{
				StartTime Double 0
			}
			00000001 OFFSETTIMER
			{
				StartTime Double 0
			}
			OFFSETTIME Float 0.062500
			UPDATETIME Float 0.500000
			00000001 FORMATION
			{
				FORMATIONTYPE String 'None'
			}
			SHIPINFO - Size Int 0
			HOLDFIREACTIVE Bool False 
			AITYPE String 'AIFLEET'
		}
		FlagIndex Int 0
	}
	00000032 Player
	{
		Name String 'Procyon1'
		Color Colour( 0.000000, 0.501961, 0.000000, 1.000000 )
		IsPlayable Bool True
		Is Used In Game Bool False 
		Multiplayer Name String ''
		StartPoint Vector3( -334.470764, -325.066528, 0.000000 )
		StartPointForwardVector Vector3( 0.105450, 0.994425, 0.000000 )
		Race Int 4
		Points Float 0.000000
		TeamIndex Int 1
		FormationType Int 5
		00000017 FleetAI
		{
			00000001 UPDATETIMER
			{
				StartTime Double 0
			}
			00000001 OFFSETTIMER
			{
				StartTime Double 0
			}
			OFFSETTIME Float 0.062500
			UPDATETIME Float 0.500000
			00000001 FORMATION
			{
				FORMATIONTYPE String 'None'
			}
			SHIPINFO - Size Int 0
			HOLDFIREACTIVE Bool False 
			AITYPE String 'AIFLEET'
		}
		FlagIndex Int 0
	}
	00000032 Player
	{
		Name String 'Pirate2'
		Color Colour( 1.000000, 0.000000, 1.000000, 1.000000 )
		IsPlayable Bool True
		Is Used In Game Bool False 
		Multiplayer Name String ''
		StartPoint Vector3( -119.999084, 664.412842, 0.000000 )
		StartPointForwardVector Vector3( 0.063015, -0.998013, 0.000000 )
		Race Int 4
		Points Float 0.000000
		TeamIndex Int 0
		FormationType Int 5
		00000017 FleetAI
		{
			00000001 UPDATETIMER
			{
				StartTime Double 0
			}
			00000001 OFFSETTIMER
			{
				StartTime Double 0
			}
			OFFSETTIME Float 0.062500
			UPDATETIME Float 0.500000
			00000001 FORMATION
			{
				FORMATIONTYPE String 'None'
			}
			SHIPINFO - Size Int 0
			HOLDFIREACTIVE Bool False 
			AITYPE String 'AIFLEET'
		}
		FlagIndex Int 0
	}
	00000032 Player
	{
		Name String 'Procyon2'
		Color Colour( 0.000000, 0.501961, 0.501961, 1.000000 )
		IsPlayable Bool True
		Is Used In Game Bool False 
		Multiplayer Name String ''
		StartPoint Vector3( -103.333199, -353.976013, 0.000000 )
		StartPointForwardVector Vector3( 0.005383, 0.999986, 0.000000 )
		Race Int 4
		Points Float 0.000000
		TeamIndex Int 1
		FormationType Int 5
		00000017 FleetAI
		{
			00000001 UPDATETIMER
			{
				StartTime Double 0
			}
			00000001 OFFSETTIMER
			{
				StartTime Double 0
			}
			OFFSETTIME Float 0.062500
			UPDATETIME Float 0.500000
			00000001 FORMATION
			{
				FORMATIONTYPE String 'None'
			}
			SHIPINFO - Size Int 0
			HOLDFIREACTIVE Bool False 
			AITYPE String 'AIFLEET'
		}
		FlagIndex Int 0
	}
	00000032 Player
	{
		Name String 'Pirate3'
		Color Colour( 0.701961, 0.023529, 0.278431, 1.000000 )
		IsPlayable Bool True
		Is Used In Game Bool False 
		Multiplayer Name String ''
		StartPoint Vector3( -21.555115, 518.665710, 0.000000 )
		StartPointForwardVector Vector3( 0.026120, -0.999659, 0.000000 )
		Race Int 4
		Points Float 0.000000
		TeamIndex Int 0
		FormationType Int 5
		00000017 FleetAI
		{
			00000001 UPDATETIMER
			{
				StartTime Double 0
			}
			00000001 OFFSETTIMER
			{
				StartTime Double 0
			}
			OFFSETTIME Float 0.062500
			UPDATETIME Float 0.500000
			00000001 FORMATION
			{
				FORMATIONTYPE String 'None'
			}
			SHIPINFO - Size Int 0
			HOLDFIREACTIVE Bool False 
			AITYPE String 'AIFLEET'
		}
		FlagIndex Int 0
	}
	00000032 Player
	{
		Name String 'Procyon3'
		Color Colour( 0.039216, 0.721569, 0.447059, 1.000000 )
		IsPlayable Bool True
		Is Used In Game Bool False 
		Multiplayer Name String ''
		StartPoint Vector3( 73.632263, -361.613708, 0.000000 )
		StartPointForwardVector Vector3( -0.165934, 0.986137, 0.000000 )
		Race Int 4
		Points Float 0.000000
		TeamIndex Int 1
		FormationType Int 5
		00000017 FleetAI
		{
			00000001 UPDATETIMER
			{
				StartTime Double 0
			}
			00000001 OFFSETTIMER
			{
				StartTime Double 0
			}
			OFFSETTIME Float 0.062500
			UPDATETIME Float 0.500000
			00000001 FORMATION
			{
				FORMATIONTYPE String 'None'
			}
			SHIPINFO - Size Int 0
			HOLDFIREACTIVE Bool False 
			AITYPE String 'AIFLEET'
		}
		FlagIndex Int 0
	}
	00000032 Player
	{
		Name String 'Pirate4'
		Color Colour( 0.509804, 0.039216, 0.023529, 1.000000 )
		IsPlayable Bool True
		Is Used In Game Bool False 
		Multiplayer Name String ''
		StartPoint Vector3( 258.276245, 557.711548, -0.000061 )
		StartPointForwardVector Vector3( -0.037740, -0.999288, 0.000000 )
		Race Int 4
		Points Float 0.000000
		TeamIndex Int 0
		FormationType Int 5
		00000017 FleetAI
		{
			00000001 UPDATETIMER
			{
				StartTime Double 0
			}
			00000001 OFFSETTIMER
			{
				StartTime Double 0
			}
			OFFSETTIME Float 0.062500
			UPDATETIME Float 0.500000
			00000001 FORMATION
			{
				FORMATIONTYPE String 'None'
			}
			SHIPINFO - Size Int 0
			HOLDFIREACTIVE Bool False 
			AITYPE String 'AIFLEET'
		}
		FlagIndex Int 0
	}
	00000032 Player
	{
		Name String 'Procyon4'
		Color Colour( 0.109804, 0.400000, 0.101961, 1.000000 )
		IsPlayable Bool True
		Is Used In Game Bool False 
		Multiplayer Name String ''
		StartPoint Vector3( 198.134308, -367.823975, 0.000000 )
		StartPointForwardVector Vector3( -0.265867, 0.964010, 0.000000 )
		Race Int 4
		Points Float 0.000000
		TeamIndex Int 1
		FormationType Int 5
		00000017 FleetAI
		{
			00000001 UPDATETIMER
			{
				StartTime Double 0
			}
			00000001 OFFSETTIMER
			{
				StartTime Double 0
			}
			OFFSETTIME Float 0.062500
			UPDATETIME Float 0.500000
			00000001 FORMATION
			{
				FORMATIONTYPE String 'None'
			}
			SHIPINFO - Size Int 0
			HOLDFIREACTIVE Bool False 
			AITYPE String 'AIFLEET'
		}
		FlagIndex Int 0
	}
	00000032 Player
	{
		Name String 'procyon supply fleet'
		Color Colour( 0.701961, 1.000000, 0.701961, 1.000000 )
		IsPlayable Bool False 
		Is Used In Game Bool False 
		Multiplayer Name String ''
		StartPoint Vector3( 76.666611, -1034.967529, 0.000000 )
		StartPointForwardVector Vector3( 0.067777, 0.997700, 0.000000 )
		Race Int 4
		Points Float 0.000000
		TeamIndex Int -1
		FormationType Int 0
		00000017 FleetAI
		{
			00000001 UPDATETIMER
			{
				StartTime Double 0
			}
			00000001 OFFSETTIMER
			{
				StartTime Double 0
			}
			OFFSETTIME Float 0.062500
			UPDATETIME Float 0.500000
			00000001 FORMATION
			{
				FORMATIONTYPE String 'None'
			}
			SHIPINFO - Size Int 0
			HOLDFIREACTIVE Bool False 
			AITYPE String 'AIFLEET'
		}
		FlagIndex Int 0
	}
	00000032 Player
	{
		Name String 'asteroids'
		Color Colour( 1.000000, 1.000000, 1.000000, 1.000000 )
		IsPlayable Bool False 
		Is Used In Game Bool False 
		Multiplayer Name String ''
		StartPoint Vector3( -741.180908, 253.768250, 0.000000 )
		StartPointForwardVector Vector3( -0.117601, 0.993061, 0.000000 )
		Race Int 4
		Points Float 0.000000
		TeamIndex Int -1
		FormationType Int 0
		00000017 FleetAI
		{
			00000001 UPDATETIMER
			{
				StartTime Double 0
			}
			00000001 OFFSETTIMER
			{
				StartTime Double 0
			}
			OFFSETTIME Float 0.062500
			UPDATETIME Float 0.500000
			00000001 FORMATION
			{
				FORMATIONTYPE String 'None'
			}
			SHIPINFO - Size Int 0
			HOLDFIREACTIVE Bool False 
			AITYPE String 'AIFLEET'
		}
		FlagIndex Int 0
	}
	00000032 Player
	{
		Name String 'pirate base'
		Color Colour( 1.000000, 1.000000, 1.000000, 1.000000 )
		IsPlayable Bool False 
		Is Used In Game Bool False 
		Multiplayer Name String ''
		StartPoint Vector3( -7.950306, 1013.276672, 0.000000 )
		StartPointForwardVector Vector3( 0.025130, -0.999684, 0.000000 )
		Race Int 4
		Points Float 0.000000
		TeamIndex Int -1
		FormationType Int 0
		00000017 FleetAI
		{
			00000001 UPDATETIMER
			{
				StartTime Double 0
			}
			00000001 OFFSETTIMER
			{
				StartTime Double 0
			}
			OFFSETTIME Float 0.062500
			UPDATETIME Float 0.500000
			00000001 FORMATION
			{
				FORMATIONTYPE String 'None'
			}
			SHIPINFO - Size Int 0
			HOLDFIREACTIVE Bool False 
			AITYPE String 'AIFLEET'
		}
		FlagIndex Int 0
	}
	NextID Int 166
	# World Object List
	WorldObjects Int 85
	ID Int 1
	Type String 'Island_Rocky_01'
	00000014 State
	{
		HasState Bool False 
		Position Vector3( 149.293320, 578.948242, 0.000000 )
		Orientation Matrix33( 0.798635, -0.601815, 0.000000, 0.601815, 0.798635, 0.000000, 0.000000, 0.000000, 1.000000 )
		PlayerIndex Int -1
		# AIEntity
		Type String ''
		# RenderEntity
		Type String ''
		# PhysicsEntity
		Type String ''
		# CollisionEntity
		Type String ''
		# CustomInfoEntity
		Type String ''
	}
	ID Int 2
	Type String 'Island_Rocky_02'
	00000014 State
	{
		HasState Bool False 
		Position Vector3( 203.626343, 293.774414, 0.000000 )
		Orientation Matrix33( 1.000000, 0.000000, 0.000000, 0.000000, 1.000000, 0.000000, 0.000000, 0.000000, 1.000000 )
		PlayerIndex Int -1
		# AIEntity
		Type String ''
		# RenderEntity
		Type String ''
		# PhysicsEntity
		Type String ''
		# CollisionEntity
		Type String ''
		# CustomInfoEntity
		Type String ''
	}
	ID Int 3
	Type String 'Island_Rocky_03'
	00000014 State
	{
		HasState Bool False 
		Position Vector3( -241.913757, 131.384048, 0.000000 )
		Orientation Matrix33( 0.945519, -0.325568, 0.000000, 0.325568, 0.945519, 0.000000, 0.000000, 0.000000, 1.000000 )
		PlayerIndex Int -1
		# AIEntity
		Type String ''
		# RenderEntity
		Type String ''
		# PhysicsEntity
		Type String ''
		# CollisionEntity
		Type String ''
		# CustomInfoEntity
		Type String ''
	}
	ID Int 4
	Type String 'Island_Rocky_04'
	00000014 State
	{
		HasState Bool False 
		Position Vector3( 493.104431, -398.794434, 0.000000 )
		Orientation Matrix33( 1.000000, 0.000000, 0.000000, 0.000000, 1.000000, 0.000000, 0.000000, 0.000000, 1.000000 )
		PlayerIndex Int -1
		# AIEntity
		Type String ''
		# RenderEntity
		Type String ''
		# PhysicsEntity
		Type String ''
		# CollisionEntity
		Type String ''
		# CustomInfoEntity
		Type String ''
	}
	ID Int 5
	Type String 'Island_Rocky_05'
	00000014 State
	{
		HasState Bool False 
		Position Vector3( 322.135010, -105.738823, 0.000000 )
		Orientation Matrix33( 1.000000, 0.000000, 0.000000, 0.000000, 1.000000, 0.000000, 0.000000, 0.000000, 1.000000 )
		PlayerIndex Int -1
		# AIEntity
		Type String ''
		# RenderEntity
		Type String ''
		# PhysicsEntity
		Type String ''
		# CollisionEntity
		Type String ''
		# CustomInfoEntity
		Type String ''
	}
	ID Int 6
	Type String 'Island_Rocky_06'
	00000014 State
	{
		HasState Bool False 
		Position Vector3( 571.554626, 403.824646, 0.000000 )
		Orientation Matrix33( 1.000000, 0.000000, 0.000000, 0.000000, 1.000000, 0.000000, 0.000000, 0.000000, 1.000000 )
		PlayerIndex Int -1
		# AIEntity
		Type String ''
		# RenderEntity
		Type String ''
		# PhysicsEntity
		Type String ''
		# CollisionEntity
		Type String ''
		# CustomInfoEntity
		Type String ''
	}
	ID Int 7
	Type String 'Island_Rocky_07'
	00000014 State
	{
		HasState Bool False 
		Position Vector3( -175.903351, 467.941376, 0.000000 )
		Orientation Matrix33( 1.000000, 0.000000, 0.000000, 0.000000, 1.000000, 0.000000, 0.000000, 0.000000, 1.000000 )
		PlayerIndex Int -1
		# AIEntity
		Type String ''
		# RenderEntity
		Type String ''
		# PhysicsEntity
		Type String ''
		# CollisionEntity
		Type String ''
		# CustomInfoEntity
		Type String ''
	}
	ID Int 8
	Type String 'Island_Rocky_07'
	00000014 State
	{
		HasState Bool False 
		Position Vector3( 938.541260, -634.863770, 0.000000 )
		Orientation Matrix33( 1.000000, 0.000000, 0.000000, 0.000000, 1.000000, 0.000000, 0.000000, 0.000000, 1.000000 )
		PlayerIndex Int -1
		# AIEntity
		Type String ''
		# RenderEntity
		Type String ''
		# PhysicsEntity
		Type String ''
		# CollisionEntity
		Type String ''
		# CustomInfoEntity
		Type String ''
	}
	ID Int 9
	Type String 'Island_Rocky_08'
	00000014 State
	{
		HasState Bool False 
		Position Vector3( 715.752625, -692.478882, 0.000000 )
		Orientation Matrix33( 1.000000, 0.000000, 0.000000, 0.000000, 1.000000, 0.000000, 0.000000, 0.000000, 1.000000 )
		PlayerIndex Int -1
		# AIEntity
		Type String ''
		# RenderEntity
		Type String ''
		# PhysicsEntity
		Type String ''
		# CollisionEntity
		Type String ''
		# CustomInfoEntity
		Type String ''
	}
	ID Int 10
	Type String 'Island_Volcano_01'
	00000014 State
	{
		HasState Bool False 
		Position Vector3( 796.264954, -262.245850, 0.000000 )
		Orientation Matrix33( 1.000000, 0.000000, 0.000000, 0.000000, 1.000000, 0.000000, 0.000000, 0.000000, 1.000000 )
		PlayerIndex Int -1
		# AIEntity
		Type String ''
		# RenderEntity
		Type String ''
		# PhysicsEntity
		Type String ''
		# CollisionEntity
		Type String ''
		# CustomInfoEntity
		Type String ''
	}
	ID Int 11
	Type String 'Island_Volcano_03'
	00000014 State
	{
		HasState Bool False 
		Position Vector3( 977.132751, -475.886841, 0.000000 )
		Orientation Matrix33( 1.000000, 0.000000, 0.000000, 0.000000, 1.000000, 0.000000, 0.000000, 0.000000, 1.000000 )
		PlayerIndex Int -1
		# AIEntity
		Type String ''
		# RenderEntity
		Type String ''
		# PhysicsEntity
		Type String ''
		# CollisionEntity
		Type String ''
		# CustomInfoEntity
		Type String ''
	}
	ID Int 12
	Type String 'Island_Volcano_04'
	00000014 State
	{
		HasState Bool False 
		Position Vector3( 744.204895, 169.638367, 0.000000 )
		Orientation Matrix33( 1.000000, 0.000000, 0.000000, 0.000000, 1.000000, 0.000000, 0.000000, 0.000000, 1.000000 )
		PlayerIndex Int -1
		# AIEntity
		Type String ''
		# RenderEntity
		Type String ''
		# PhysicsEntity
		Type String ''
		# CollisionEntity
		Type String ''
		# CustomInfoEntity
		Type String ''
	}
	ID Int 13
	Type String 'Island_Volcano_05'
	00000014 State
	{
		HasState Bool False 
		Position Vector3( 1153.533081, -231.187378, 0.000000 )
		Orientation Matrix33( 1.000000, 0.000000, 0.000000, 0.000000, 1.000000, 0.000000, 0.000000, 0.000000, 1.000000 )
		PlayerIndex Int -1
		# AIEntity
		Type String ''
		# RenderEntity
		Type String ''
		# PhysicsEntity
		Type String ''
		# CollisionEntity
		Type String ''
		# CustomInfoEntity
		Type String ''
	}
	ID Int 14
	Type String 'Island_Volcano_06'
	00000014 State
	{
		HasState Bool False 
		Position Vector3( 908.690430, -2.352280, 0.000000 )
		Orientation Matrix33( 1.000000, 0.000000, 0.000000, 0.000000, 1.000000, 0.000000, 0.000000, 0.000000, 1.000000 )
		PlayerIndex Int -1
		# AIEntity
		Type String ''
		# RenderEntity
		Type String ''
		# PhysicsEntity
		Type String ''
		# CollisionEntity
		Type String ''
		# CustomInfoEntity
		Type String ''
	}
	ID Int 15
	Type String 'Island_Volcano_07'
	00000014 State
	{
		HasState Bool False 
		Position Vector3( 554.851318, -110.297371, -0.000122 )
		Orientation Matrix33( 1.000000, 0.000000, 0.000000, 0.000000, 1.000000, 0.000000, 0.000000, 0.000000, 1.000000 )
		PlayerIndex Int -1
		# AIEntity
		Type String ''
		# RenderEntity
		Type String ''
		# PhysicsEntity
		Type String ''
		# CollisionEntity
		Type String ''
		# CustomInfoEntity
		Type String ''
	}
	ID Int 17
	Type String 'Island_Med01'
	00000014 State
	{
		HasState Bool False 
		Position Vector3( -235.443130, 793.431396, 0.000000 )
		Orientation Matrix33( 1.000000, 0.000000, 0.000000, 0.000000, 1.000000, 0.000000, 0.000000, 0.000000, 1.000000 )
		PlayerIndex Int -1
		# AIEntity
		Type String ''
		# RenderEntity
		Type String ''
		# PhysicsEntity
		Type String ''
		# CollisionEntity
		Type String ''
		# CustomInfoEntity
		Type String ''
	}
	ID Int 18
	Type String 'Island_Med02'
	00000014 State
	{
		HasState Bool False 
		Position Vector3( -104.520447, 1216.715576, 0.000000 )
		Orientation Matrix33( -0.984808, -0.173648, 0.000000, 0.173648, -0.984808, 0.000000, 0.000000, 0.000000, 1.000000 )
		PlayerIndex Int -1
		# AIEntity
		Type String ''
		# RenderEntity
		Type String ''
		# PhysicsEntity
		Type String ''
		# CollisionEntity
		Type String ''
		# CustomInfoEntity
		Type String ''
	}
	ID Int 20
	Type String 'Island_Med05'
	00000014 State
	{
		HasState Bool False 
		Position Vector3( 342.488800, 1163.342041, 0.000000 )
		Orientation Matrix33( 0.913546, -0.406737, 0.000000, 0.406737, 0.913546, 0.000000, 0.000000, 0.000000, 1.000000 )
		PlayerIndex Int -1
		# AIEntity
		Type String ''
		# RenderEntity
		Type String ''
		# PhysicsEntity
		Type String ''
		# CollisionEntity
		Type String ''
		# CustomInfoEntity
		Type String ''
	}
	ID Int 30
	Type String 'Island_Med04'
	00000014 State
	{
		HasState Bool False 
		Position Vector3( 628.024902, 917.253113, 0.000000 )
		Orientation Matrix33( -0.190809, -0.981627, 0.000000, 0.981627, -0.190809, 0.000000, 0.000000, 0.000000, 1.000000 )
		PlayerIndex Int -1
		# AIEntity
		Type String ''
		# RenderEntity
		Type String ''
		# PhysicsEntity
		Type String ''
		# CollisionEntity
		Type String ''
		# CustomInfoEntity
		Type String ''
	}
	ID Int 32
	Type String 'Island_Med07'
	00000014 State
	{
		HasState Bool False 
		Position Vector3( -752.674744, 609.321289, 0.000000 )
		Orientation Matrix33( 1.000000, 0.000000, 0.000000, 0.000000, 1.000000, 0.000000, 0.000000, 0.000000, 1.000000 )
		PlayerIndex Int -1
		# AIEntity
		Type String ''
		# RenderEntity
		Type String ''
		# PhysicsEntity
		Type String ''
		# CollisionEntity
		Type String ''
		# CustomInfoEntity
		Type String ''
	}
	ID Int 33
	Type String 'Island_Med08'
	00000014 State
	{
		HasState Bool False 
		Position Vector3( -1056.901733, 1065.398804, 9.000000 )
		Orientation Matrix33( 1.000000, 0.000000, 0.000000, 0.000000, 1.000000, 0.000000, 0.000000, 0.000000, 1.000000 )
		PlayerIndex Int -1
		# AIEntity
		Type String ''
		# RenderEntity
		Type String ''
		# PhysicsEntity
		Type String ''
		# CollisionEntity
		Type String ''
		# CustomInfoEntity
		Type String ''
	}
	ID Int 34
	Type String 'Island_Med09'
	00000014 State
	{
		HasState Bool False 
		Position Vector3( 393.898224, 612.740845, 0.000122 )
		Orientation Matrix33( 1.000000, 0.000000, 0.000000, 0.000000, 1.000000, 0.000000, 0.000000, 0.000000, 1.000000 )
		PlayerIndex Int -1
		# AIEntity
		Type String ''
		# RenderEntity
		Type String ''
		# PhysicsEntity
		Type String ''
		# CollisionEntity
		Type String ''
		# CustomInfoEntity
		Type String ''
	}
	ID Int 36
	Type String 'Asteroid_Large'
	00000014 State
	{
		HasState Bool False 
		Position Vector3( -489.193359, 343.385315, 0.000061 )
		Orientation Matrix33( 1.000000, 0.000000, 0.000000, 0.000000, 1.000000, 0.000000, 0.000000, 0.000000, 1.000000 )
		PlayerIndex Int -1
		# AIEntity
		Type String ''
		# RenderEntity
		Type String ''
		# PhysicsEntity
		Type String ''
		# CollisionEntity
		Type String ''
		# CustomInfoEntity
		Type String ''
	}
	ID Int 37
	Type String 'Asteroid_Med'
	00000014 State
	{
		HasState Bool False 
		Position Vector3( -428.322327, 1210.625122, -0.999939 )
		Orientation Matrix33( -0.000583, 0.844984, 0.534791, 0.121572, -0.530765, 0.838754, 0.992582, 0.065504, -0.102417 )
		PlayerIndex Int -1
		# AIEntity
		Type String ''
		# RenderEntity
		Type String ''
		# PhysicsEntity
		Type String ''
		# CollisionEntity
		Type String ''
		# CustomInfoEntity
		Type String ''
	}
	ID Int 39
	Type String 'Asteroid_Huge'
	00000014 State
	{
		HasState Bool False 
		Position Vector3( -392.858459, 1106.650146, -10.000000 )
		Orientation Matrix33( -0.992766, 0.018271, -0.118668, 0.108556, -0.285696, -0.952152, -0.051300, -0.958146, 0.281646 )
		PlayerIndex Int -1
		# AIEntity
		Type String ''
		# RenderEntity
		Type String ''
		# PhysicsEntity
		Type String ''
		# CollisionEntity
		Type String ''
		# CustomInfoEntity
		Type String ''
	}
	ID Int 41
	Type String 'Asteroid_Med'
	00000014 State
	{
		HasState Bool False 
		Position Vector3( -363.062836, 1184.589966, 6.000000 )
		Orientation Matrix33( 0.457452, 0.420884, -0.783323, -0.009737, -0.878472, -0.477694, -0.889181, 0.226149, -0.397761 )
		PlayerIndex Int -1
		# AIEntity
		Type String ''
		# RenderEntity
		Type String ''
		# PhysicsEntity
		Type String ''
		# CollisionEntity
		Type String ''
		# CustomInfoEntity
		Type String ''
	}
	ID Int 45
	Type String 'Asteroid_Med'
	00000014 State
	{
		HasState Bool False 
		Position Vector3( -360.293610, 1044.421021, -15.000000 )
		Orientation Matrix33( -0.317889, 0.211371, 0.924267, -0.222496, 0.930981, -0.289431, -0.921652, -0.297652, -0.248919 )
		PlayerIndex Int -1
		# AIEntity
		Type String ''
		# RenderEntity
		Type String ''
		# PhysicsEntity
		Type String ''
		# CollisionEntity
		Type String ''
		# CustomInfoEntity
		Type String ''
	}
	ID Int 51
	Type String 'Asteroid_Huge'
	00000014 State
	{
		HasState Bool False 
		Position Vector3( -397.331451, 897.430725, -16.000000 )
		Orientation Matrix33( 0.086200, -0.485892, -0.869758, 0.910295, 0.393201, -0.129444, 0.404885, -0.780578, 0.476199 )
		PlayerIndex Int -1
		# AIEntity
		Type String ''
		# RenderEntity
		Type String ''
		# PhysicsEntity
		Type String ''
		# CollisionEntity
		Type String ''
		# CustomInfoEntity
		Type String ''
	}
	ID Int 52
	Type String 'Asteroid_Small'
	00000014 State
	{
		HasState Bool False 
		Position Vector3( -390.334656, 907.311096, 1.000000 )
		Orientation Matrix33( -0.326641, -0.045898, 0.944034, 0.755311, -0.613105, 0.231533, 0.568165, 0.788667, 0.234933 )
		PlayerIndex Int -1
		# AIEntity
		Type String ''
		# RenderEntity
		Type String ''
		# PhysicsEntity
		Type String ''
		# CollisionEntity
		Type String ''
		# CustomInfoEntity
		Type String ''
	}
	ID Int 55
	Type String 'Asteroid_Huge'
	00000014 State
	{
		HasState Bool False 
		Position Vector3( -399.636932, 738.397766, -13.000000 )
		Orientation Matrix33( -0.034864, 0.353431, -0.934811, -0.547787, 0.775593, 0.313664, 0.835891, 0.523013, 0.166564 )
		PlayerIndex Int -1
		# AIEntity
		Type String ''
		# RenderEntity
		Type String ''
		# PhysicsEntity
		Type String ''
		# CollisionEntity
		Type String ''
		# CustomInfoEntity
		Type String ''
	}
	ID Int 56
	Type String 'Asteroid_Small'
	00000014 State
	{
		HasState Bool False 
		Position Vector3( -400.451965, 723.772766, -19.000000 )
		Orientation Matrix33( -0.164474, 0.365764, 0.916059, 0.589904, -0.707847, 0.388543, 0.790545, 0.604293, -0.099343 )
		PlayerIndex Int -1
		# AIEntity
		Type String ''
		# RenderEntity
		Type String ''
		# PhysicsEntity
		Type String ''
		# CollisionEntity
		Type String ''
		# CustomInfoEntity
		Type String ''
	}
	ID Int 57
	Type String 'Asteroid_Med'
	00000014 State
	{
		HasState Bool False 
		Position Vector3( -365.728088, 709.708557, 14.000000 )
		Orientation Matrix33( 0.498707, -0.375735, -0.781098, 0.239487, -0.806347, 0.540787, -0.833029, -0.456757, -0.312147 )
		PlayerIndex Int -1
		# AIEntity
		Type String ''
		# RenderEntity
		Type String ''
		# PhysicsEntity
		Type String ''
		# CollisionEntity
		Type String ''
		# CustomInfoEntity
		Type String ''
	}
	ID Int 59
	Type String 'Asteroid_Huge'
	00000014 State
	{
		HasState Bool False 
		Position Vector3( -377.196198, 615.878723, -1.000000 )
		Orientation Matrix33( -0.161801, 0.638783, -0.752182, -0.157451, 0.735750, 0.658697, 0.974181, 0.225010, -0.018468 )
		PlayerIndex Int -1
		# AIEntity
		Type String ''
		# RenderEntity
		Type String ''
		# PhysicsEntity
		Type String ''
		# CollisionEntity
		Type String ''
		# CustomInfoEntity
		Type String ''
	}
	ID Int 60
	Type String 'Asteroid_Small'
	00000014 State
	{
		HasState Bool False 
		Position Vector3( -377.196198, 607.878723, -7.000000 )
		Orientation Matrix33( 0.110516, 0.993731, -0.016883, -0.448080, 0.034655, -0.893321, -0.887136, 0.106291, 0.449101 )
		PlayerIndex Int -1
		# AIEntity
		Type String ''
		# RenderEntity
		Type String ''
		# PhysicsEntity
		Type String ''
		# CollisionEntity
		Type String ''
		# CustomInfoEntity
		Type String ''
	}
	ID Int 61
	Type String 'Asteroid_Med'
	00000014 State
	{
		HasState Bool False 
		Position Vector3( -376.974731, 602.653625, 7.000000 )
		Orientation Matrix33( 0.645189, 0.675764, 0.356476, 0.176971, 0.321706, -0.930154, -0.743245, 0.663211, 0.087971 )
		PlayerIndex Int -1
		# AIEntity
		Type String ''
		# RenderEntity
		Type String ''
		# PhysicsEntity
		Type String ''
		# CollisionEntity
		Type String ''
		# CustomInfoEntity
		Type String ''
	}
	ID Int 62
	Type String 'Asteroid_Large'
	00000014 State
	{
		HasState Bool False 
		Position Vector3( -398.208771, 445.973755, 16.000000 )
		Orientation Matrix33( -0.005100, 0.007895, -0.999956, -0.242390, 0.970138, 0.008896, 0.970165, 0.242425, -0.003034 )
		PlayerIndex Int -1
		# AIEntity
		Type String ''
		# RenderEntity
		Type String ''
		# PhysicsEntity
		Type String ''
		# CollisionEntity
		Type String ''
		# CustomInfoEntity
		Type String ''
	}
	ID Int 64
	Type String 'Asteroid_Small'
	00000014 State
	{
		HasState Bool False 
		Position Vector3( -480.693298, 400.342407, 14.000000 )
		Orientation Matrix33( 0.011504, -0.906063, -0.422986, -0.044152, 0.422141, -0.905454, 0.998959, 0.029092, -0.035148 )
		PlayerIndex Int -1
		# AIEntity
		Type String ''
		# RenderEntity
		Type String ''
		# PhysicsEntity
		Type String ''
		# CollisionEntity
		Type String ''
		# CustomInfoEntity
		Type String ''
	}
	ID Int 65
	Type String 'Asteroid_Med'
	00000014 State
	{
		HasState Bool False 
		Position Vector3( -469.693420, 395.342407, -17.000000 )
		Orientation Matrix33( 0.160054, -0.985879, 0.049245, 0.182575, -0.019461, -0.982999, 0.970077, 0.166324, 0.176882 )
		PlayerIndex Int -1
		# AIEntity
		Type String ''
		# RenderEntity
		Type String ''
		# PhysicsEntity
		Type String ''
		# CollisionEntity
		Type String ''
		# CustomInfoEntity
		Type String ''
	}
	ID Int 67
	Type String 'Asteroid_Huge'
	00000014 State
	{
		HasState Bool False 
		Position Vector3( -498.451416, 209.582352, -6.000000 )
		Orientation Matrix33( 0.119223, -0.312589, 0.942377, -0.168978, 0.928911, 0.329500, -0.978382, -0.198525, 0.057927 )
		PlayerIndex Int -1
		# AIEntity
		Type String ''
		# RenderEntity
		Type String ''
		# PhysicsEntity
		Type String ''
		# CollisionEntity
		Type String ''
		# CustomInfoEntity
		Type String ''
	}
	ID Int 69
	Type String 'Asteroid_Med'
	00000014 State
	{
		HasState Bool False 
		Position Vector3( -497.009277, 239.655350, 5.000000 )
		Orientation Matrix33( 0.236985, 0.944921, -0.225748, 0.221681, 0.173642, 0.959534, 0.945883, -0.277439, -0.168320 )
		PlayerIndex Int -1
		# AIEntity
		Type String ''
		# RenderEntity
		Type String ''
		# PhysicsEntity
		Type String ''
		# CollisionEntity
		Type String ''
		# CustomInfoEntity
		Type String ''
	}
	ID Int 70
	Type String 'Asteroid_Small'
	00000014 State
	{
		HasState Bool False 
		Position Vector3( -493.337006, 225.326248, 19.000000 )
		Orientation Matrix33( -0.389759, 0.874692, 0.288100, 0.082251, 0.344654, -0.935120, -0.917236, -0.340774, -0.206277 )
		PlayerIndex Int -1
		# AIEntity
		Type String ''
		# RenderEntity
		Type String ''
		# PhysicsEntity
		Type String ''
		# CollisionEntity
		Type String ''
		# CustomInfoEntity
		Type String ''
	}
	ID Int 71
	Type String 'Asteroid_Huge'
	00000014 State
	{
		HasState Bool False 
		Position Vector3( -580.264954, 86.387413, -4.000000 )
		Orientation Matrix33( 0.177998, 0.560913, 0.808513, -0.204740, -0.782543, 0.587970, 0.962496, -0.270193, -0.024449 )
		PlayerIndex Int -1
		# AIEntity
		Type String ''
		# RenderEntity
		Type String ''
		# PhysicsEntity
		Type String ''
		# CollisionEntity
		Type String ''
		# CustomInfoEntity
		Type String ''
	}
	ID Int 72
	Type String 'Asteroid_Small'
	00000014 State
	{
		HasState Bool False 
		Position Vector3( -570.540527, 73.478897, 6.000000 )
		Orientation Matrix33( -0.288253, 0.224781, -0.930797, 0.209234, -0.933781, -0.290298, -0.934415, -0.278434, 0.222133 )
		PlayerIndex Int -1
		# AIEntity
		Type String ''
		# RenderEntity
		Type String ''
		# PhysicsEntity
		Type String ''
		# CollisionEntity
		Type String ''
		# CustomInfoEntity
		Type String ''
	}
	ID Int 75
	Type String 'Asteroid_Huge'
	00000014 State
	{
		HasState Bool False 
		Position Vector3( -577.973450, -32.479382, 12.000061 )
		Orientation Matrix33( 0.854720, 0.477672, 0.203182, -0.291032, 0.765085, -0.574409, -0.429830, 0.431826, 0.792951 )
		PlayerIndex Int -1
		# AIEntity
		Type String ''
		# RenderEntity
		Type String ''
		# PhysicsEntity
		Type String ''
		# CollisionEntity
		Type String ''
		# CustomInfoEntity
		Type String ''
	}
	ID Int 76
	Type String 'Asteroid_Small'
	00000014 State
	{
		HasState Bool False 
		Position Vector3( -594.321777, -37.835121, 7.000000 )
		Orientation Matrix33( -0.070965, 0.804887, 0.589169, 0.727017, -0.362669, 0.583025, 0.682943, 0.469710, -0.559430 )
		PlayerIndex Int -1
		# AIEntity
		Type String ''
		# RenderEntity
		Type String ''
		# PhysicsEntity
		Type String ''
		# CollisionEntity
		Type String ''
		# CustomInfoEntity
		Type String ''
	}
	ID Int 77
	Type String 'Asteroid_Med'
	00000014 State
	{
		HasState Bool False 
		Position Vector3( -599.655273, -60.085083, 6.000000 )
		Orientation Matrix33( -0.240980, 0.144539, 0.959707, 0.970462, 0.047608, 0.236510, -0.011504, 0.988353, -0.151742 )
		PlayerIndex Int -1
		# AIEntity
		Type String ''
		# RenderEntity
		Type String ''
		# PhysicsEntity
		Type String ''
		# CollisionEntity
		Type String ''
		# CustomInfoEntity
		Type String ''
	}
	ID Int 84
	Type String 'Asteroid_Large'
	00000014 State
	{
		HasState Bool False 
		Position Vector3( -728.546814, -77.795074, 1.000000 )
		Orientation Matrix33( 0.220042, 0.012111, -0.975415, 0.405746, -0.910458, 0.080227, -0.887103, -0.413424, -0.205253 )
		PlayerIndex Int -1
		# AIEntity
		Type String ''
		# RenderEntity
		Type String ''
		# PhysicsEntity
		Type String ''
		# CollisionEntity
		Type String ''
		# CustomInfoEntity
		Type String ''
	}
	ID Int 86
	Type String 'Asteroid_Small'
	00000014 State
	{
		HasState Bool False 
		Position Vector3( -711.820313, -216.158691, 0.000000 )
		Orientation Matrix33( 0.191909, 0.736688, 0.648430, 0.036021, -0.665553, 0.745481, 0.980751, -0.119707, -0.154262 )
		PlayerIndex Int -1
		# AIEntity
		Type String ''
		# RenderEntity
		Type String ''
		# PhysicsEntity
		Type String ''
		# CollisionEntity
		Type String ''
		# CustomInfoEntity
		Type String ''
	}
	ID Int 88
	Type String 'Asteroid_Large'
	00000014 State
	{
		HasState Bool False 
		Position Vector3( -719.476318, -209.609299, 15.000000 )
		Orientation Matrix33( 0.094295, 0.480984, -0.871644, -0.027361, 0.876467, 0.480685, 0.995168, -0.021477, 0.095807 )
		PlayerIndex Int -1
		# AIEntity
		Type String ''
		# RenderEntity
		Type String ''
		# PhysicsEntity
		Type String ''
		# CollisionEntity
		Type String ''
		# CustomInfoEntity
		Type String ''
	}
	ID Int 91
	Type String 'Asteroid_Huge'
	00000014 State
	{
		HasState Bool False 
		Position Vector3( -827.313049, -248.463089, -3.000000 )
		Orientation Matrix33( 0.153201, -0.495755, -0.854843, -0.978119, -0.199290, -0.059719, -0.140756, 0.845287, -0.515439 )
		PlayerIndex Int -1
		# AIEntity
		Type String ''
		# RenderEntity
		Type String ''
		# PhysicsEntity
		Type String ''
		# CollisionEntity
		Type String ''
		# CustomInfoEntity
		Type String ''
	}
	ID Int 93
	Type String 'Asteroid_Med'
	00000014 State
	{
		HasState Bool False 
		Position Vector3( -829.134766, -409.689148, 7.000000 )
		Orientation Matrix33( 0.188350, 0.842276, 0.505069, -0.188921, 0.535742, -0.822976, -0.963760, 0.059589, 0.260030 )
		PlayerIndex Int -1
		# AIEntity
		Type String ''
		# RenderEntity
		Type String ''
		# PhysicsEntity
		Type String ''
		# CollisionEntity
		Type String ''
		# CustomInfoEntity
		Type String ''
	}
	ID Int 97
	Type String 'Asteroid_Med'
	00000014 State
	{
		HasState Bool False 
		Position Vector3( -817.471802, -400.240051, -9.000000 )
		Orientation Matrix33( 0.934700, -0.310382, -0.173202, -0.106263, 0.220985, -0.969471, 0.339182, 0.924569, 0.173573 )
		PlayerIndex Int -1
		# AIEntity
		Type String ''
		# RenderEntity
		Type String ''
		# PhysicsEntity
		Type String ''
		# CollisionEntity
		Type String ''
		# CustomInfoEntity
		Type String ''
	}
	ID Int 99
	Type String 'Asteroid_Huge'
	00000014 State
	{
		HasState Bool False 
		Position Vector3( -774.366638, -338.029114, -18.000000 )
		Orientation Matrix33( -0.053260, 0.266178, 0.962451, -0.115835, -0.958960, 0.258802, 0.991840, -0.097702, 0.081907 )
		PlayerIndex Int -1
		# AIEntity
		Type String ''
		# RenderEntity
		Type String ''
		# PhysicsEntity
		Type String ''
		# CollisionEntity
		Type String ''
		# CustomInfoEntity
		Type String ''
	}
	ID Int 100
	Type String 'Asteroid_Small'
	00000014 State
	{
		HasState Bool False 
		Position Vector3( -750.366638, -309.029114, -14.000000 )
		Orientation Matrix33( 0.117043, 0.730025, 0.673323, 0.920071, -0.334931, 0.203200, 0.373858, 0.595722, -0.710876 )
		PlayerIndex Int -1
		# AIEntity
		Type String ''
		# RenderEntity
		Type String ''
		# PhysicsEntity
		Type String ''
		# CollisionEntity
		Type String ''
		# CustomInfoEntity
		Type String ''
	}
	ID Int 101
	Type String 'Asteroid_Med'
	00000014 State
	{
		HasState Bool False 
		Position Vector3( -919.816162, -378.321838, -6.000000 )
		Orientation Matrix33( 0.032796, -0.151206, 0.987958, 0.626350, -0.767192, -0.138210, 0.778852, 0.623340, 0.069547 )
		PlayerIndex Int -1
		# AIEntity
		Type String ''
		# RenderEntity
		Type String ''
		# PhysicsEntity
		Type String ''
		# CollisionEntity
		Type String ''
		# CustomInfoEntity
		Type String ''
	}
	ID Int 107
	Type String 'Asteroid_Huge'
	00000014 State
	{
		HasState Bool False 
		Position Vector3( -942.556396, -464.750977, 13.000000 )
		Orientation Matrix33( 0.900047, -0.161948, -0.404585, 0.278905, 0.927414, 0.249230, 0.334856, -0.337160, 0.879883 )
		PlayerIndex Int -1
		# AIEntity
		Type String ''
		# RenderEntity
		Type String ''
		# PhysicsEntity
		Type String ''
		# CollisionEntity
		Type String ''
		# CustomInfoEntity
		Type String ''
	}
	ID Int 109
	Type String 'Asteroid_Med'
	00000014 State
	{
		HasState Bool False 
		Position Vector3( -972.524597, -555.980957, -17.000000 )
		Orientation Matrix33( 0.505482, -0.368040, 0.780407, 0.369263, -0.725179, -0.581172, 0.779829, 0.581947, -0.230661 )
		PlayerIndex Int -1
		# AIEntity
		Type String ''
		# RenderEntity
		Type String ''
		# PhysicsEntity
		Type String ''
		# CollisionEntity
		Type String ''
		# CustomInfoEntity
		Type String ''
	}
	ID Int 110
	Type String 'Asteroid_Large'
	00000014 State
	{
		HasState Bool False 
		Position Vector3( -969.524597, -548.980957, 10.000000 )
		Orientation Matrix33( 0.338013, -0.917391, 0.210096, -0.925115, -0.364894, -0.104950, 0.172943, -0.158889, -0.972031 )
		PlayerIndex Int -1
		# AIEntity
		Type String ''
		# RenderEntity
		Type String ''
		# PhysicsEntity
		Type String ''
		# CollisionEntity
		Type String ''
		# CustomInfoEntity
		Type String ''
	}
	ID Int 111
	Type String 'Asteroid_Huge'
	00000014 State
	{
		HasState Bool False 
		Position Vector3( -1098.472412, -544.063965, -20.000122 )
		Orientation Matrix33( -0.355294, 0.533561, -0.767515, 0.266671, -0.729109, -0.630307, -0.895909, -0.428618, 0.116763 )
		PlayerIndex Int -1
		# AIEntity
		Type String ''
		# RenderEntity
		Type String ''
		# PhysicsEntity
		Type String ''
		# CollisionEntity
		Type String ''
		# CustomInfoEntity
		Type String ''
	}
	ID Int 113
	Type String 'Asteroid_Med'
	00000014 State
	{
		HasState Bool False 
		Position Vector3( -1118.472412, -539.063965, -2.000122 )
		Orientation Matrix33( -0.196191, 0.972466, 0.125775, -0.387318, 0.040984, -0.921035, -0.900829, -0.229414, 0.368613 )
		PlayerIndex Int -1
		# AIEntity
		Type String ''
		# RenderEntity
		Type String ''
		# PhysicsEntity
		Type String ''
		# CollisionEntity
		Type String ''
		# CustomInfoEntity
		Type String ''
	}
	ID Int 118
	Type String 'Asteroid_Small'
	00000014 State
	{
		HasState Bool False 
		Position Vector3( -1024.378174, -569.809509, -3.000000 )
		Orientation Matrix33( 0.490335, -0.768877, 0.410365, 0.570298, -0.072988, -0.818189, 0.659038, 0.635217, 0.402701 )
		PlayerIndex Int -1
		# AIEntity
		Type String ''
		# RenderEntity
		Type String ''
		# PhysicsEntity
		Type String ''
		# CollisionEntity
		Type String ''
		# CustomInfoEntity
		Type String ''
	}
	ID Int 119
	Type String 'Asteroid_Huge'
	00000014 State
	{
		HasState Bool False 
		Position Vector3( -1020.378052, -563.809509, 7.000000 )
		Orientation Matrix33( 0.000858, -0.029142, -0.999575, -0.140751, 0.989621, -0.028973, 0.990045, 0.140716, -0.003252 )
		PlayerIndex Int -1
		# AIEntity
		Type String ''
		# RenderEntity
		Type String ''
		# PhysicsEntity
		Type String ''
		# CollisionEntity
		Type String ''
		# CustomInfoEntity
		Type String ''
	}
	ID Int 124
	Type String 'Asteroid_Large'
	00000014 State
	{
		HasState Bool False 
		Position Vector3( -1147.617065, -621.699707, -4.000000 )
		Orientation Matrix33( 0.593121, -0.723698, 0.352800, 0.618788, 0.690103, 0.375312, -0.515080, -0.004297, 0.857131 )
		PlayerIndex Int -1
		# AIEntity
		Type String ''
		# RenderEntity
		Type String ''
		# PhysicsEntity
		Type String ''
		# CollisionEntity
		Type String ''
		# CustomInfoEntity
		Type String ''
	}
	ID Int 125
	Type String 'Asteroid_Med'
	00000014 State
	{
		HasState Bool False 
		Position Vector3( -1179.617065, -645.699707, -5.000000 )
		Orientation Matrix33( -0.486851, -0.855679, -0.175469, -0.443228, 0.068903, 0.893757, -0.752679, 0.512899, -0.412806 )
		PlayerIndex Int -1
		# AIEntity
		Type String ''
		# RenderEntity
		Type String ''
		# PhysicsEntity
		Type String ''
		# CollisionEntity
		Type String ''
		# CustomInfoEntity
		Type String ''
	}
	ID Int 129
	Type String 'Asteroid_Med'
	00000014 State
	{
		HasState Bool False 
		Position Vector3( -591.948608, 140.361435, -9.000000 )
		Orientation Matrix33( 0.492356, -0.860678, -0.129684, 0.261165, 0.288213, -0.921263, 0.830288, 0.419721, 0.366682 )
		PlayerIndex Int -1
		# AIEntity
		Type String ''
		# RenderEntity
		Type String ''
		# PhysicsEntity
		Type String ''
		# CollisionEntity
		Type String ''
		# CustomInfoEntity
		Type String ''
	}
	ID Int 132
	Type String 'Asteroid_Large'
	00000014 State
	{
		HasState Bool False 
		Position Vector3( -484.144226, 404.328186, 5.000000 )
		Orientation Matrix33( 0.752477, 0.533687, -0.385948, 0.652233, -0.685230, 0.324116, -0.091487, -0.495618, -0.863709 )
		PlayerIndex Int -1
		# AIEntity
		Type String ''
		# RenderEntity
		Type String ''
		# PhysicsEntity
