# (c) BaRkiNg DOG studios 2002
00000022 WorldInfo
{
	IsMultiplayerMap Bool True
	MustAssembleFleet Bool False 
	World Description String 'IDGS_TPWORLDDESCRIPTION_SAMPLE'
	WorldNameID String 'IDGS_TPJOURNALSCREEN_MISSION4_JOURNALTITLE'
	Object Count Int 172
	Team List - Size Int 0
	Number of Players Int 5
	PlayerInfo - Player Name String 'tourist'
	PlayerInfo - TeamIndex Int -1
	PlayerInfo - Player Name String 'navy'
	PlayerInfo - TeamIndex Int -1
	PlayerInfo - Player Name String 'Pirate'
	PlayerInfo - TeamIndex Int -1
	PlayerInfo - Player Name String 'tender side'
	PlayerInfo - TeamIndex Int -1
	PlayerInfo - Player Name String 'asteroids'
	PlayerInfo - TeamIndex Int -1
	IsCampaign Bool True
	Use Custom World Name Bool False 
	Custom World Name String ''
	Use Custom World Description Bool False 
	Custom World Description String ''
}
00000008 Game
{
	00000002 Time
	{
		Game Tick Int 0
		Game Time Double 0
	}
	Frame Int -1
	Paused Bool False 
	ActivePlayerIndex Int -1
}
00008572 World
{
	WorldName String 'Mission04'
	Random Seed Int -398538012
	World Size - Min Vector3( -2750.000000, -2750.000000, -1000.000000 )
	World Size - Max Vector3( 2750.000000, 2750.000000, 1000.000000 )
	# Player List
	PlayerList Int 8
	00000032 Player
	{
		Name String 'tourist'
		Color Colour( 0.023529, 0.317647, 0.992157, 1.000000 )
		IsPlayable Bool True
		Is Used In Game Bool False 
		Multiplayer Name String ''
		StartPoint Vector3( -1149.269287, -466.440308, 0.000000 )
		StartPointForwardVector Vector3( 0.191972, 0.981400, 0.000000 )
		Race Int 4
		Points Float 0.000000
		TeamIndex Int -1
		FormationType Int 5
		00000017 FleetAI
		{
			00000001 UPDATETIMER
			{
				StartTime Double 0
			}
			00000001 OFFSETTIMER
			{
				StartTime Double 0
			}
			OFFSETTIME Float 0.062500
			UPDATETIME Float 0.500000
			00000001 FORMATION
			{
				FORMATIONTYPE String 'None'
			}
			SHIPINFO - Size Int 0
			HOLDFIREACTIVE Bool False 
			AITYPE String 'AIFLEET'
		}
		FlagIndex Int 0
	}
	00000032 Player
	{
		Name String 'navy'
		Color Colour( 0.066667, 0.266667, 0.733333, 1.000000 )
		IsPlayable Bool True
		Is Used In Game Bool False 
		Multiplayer Name String ''
		StartPoint Vector3( -1227.551270, 3.915039, 0.000000 )
		StartPointForwardVector Vector3( 1.000000, 0.000000, 0.000000 )
		Race Int 4
		Points Float 0.000000
		TeamIndex Int -1
		FormationType Int 0
		00000017 FleetAI
		{
			00000001 UPDATETIMER
			{
				StartTime Double 0
			}
			00000001 OFFSETTIMER
			{
				StartTime Double 0
			}
			OFFSETTIME Float 0.062500
			UPDATETIME Float 0.500000
			00000001 FORMATION
			{
				FORMATIONTYPE String 'None'
			}
			SHIPINFO - Size Int 0
			HOLDFIREACTIVE Bool False 
			AITYPE String 'AIFLEET'
		}
		FlagIndex Int 0
	}
	00000032 Player
	{
		Name String 'Pirate'
		Color Colour( 0.768627, 0.027451, 0.047059, 1.000000 )
		IsPlayable Bool True
		Is Used In Game Bool False 
		Multiplayer Name String ''
		StartPoint Vector3( -82.126328, 737.437988, 0.000000 )
		StartPointForwardVector Vector3( 1.000000, 0.000000, 0.000000 )
		Race Int 4
		Points Float 0.000000
		TeamIndex Int -1
		FormationType Int 0
		00000017 FleetAI
		{
			00000001 UPDATETIMER
			{
				StartTime Double 0
			}
			00000001 OFFSETTIMER
			{
				StartTime Double 0
			}
			OFFSETTIME Float 0.062500
			UPDATETIME Float 0.500000
			00000001 FORMATION
			{
				FORMATIONTYPE String 'None'
			}
			SHIPINFO - Size Int 0
			HOLDFIREACTIVE Bool False 
			AITYPE String 'AIFLEET'
		}
		FlagIndex Int 0
	}
	00000032 Player
	{
		Name String 'tender side'
		Color Colour( 0.141176, 0.568627, 0.725490, 1.000000 )
		IsPlayable Bool True
		Is Used In Game Bool False 
		Multiplayer Name String ''
		StartPoint Vector3( -29.828918, 832.751038, 0.000000 )
		StartPointForwardVector Vector3( 1.000000, 0.000000, 0.000000 )
		Race Int 4
		Points Float 0.000000
		TeamIndex Int -1
		FormationType Int 0
		00000017 FleetAI
		{
			00000001 UPDATETIMER
			{
				StartTime Double 0
			}
			00000001 OFFSETTIMER
			{
				StartTime Double 0
			}
			OFFSETTIME Float 0.062500
			UPDATETIME Float 0.500000
			00000001 FORMATION
			{
				FORMATIONTYPE String 'None'
			}
			SHIPINFO - Size Int 0
			HOLDFIREACTIVE Bool False 
			AITYPE String 'AIFLEET'
		}
		FlagIndex Int 0
	}
	00000032 Player
	{
		Name String 'asteroids'
		Color Colour( 0.000000, 0.000000, 0.000000, 0.000000 )
		IsPlayable Bool True
		Is Used In Game Bool False 
		Multiplayer Name String ''
		StartPoint Vector3( 184.821167, -1761.600098, 0.000000 )
		StartPointForwardVector Vector3( 1.000000, 0.000000, 0.000000 )
		Race Int 4
		Points Float 0.000000
		TeamIndex Int -1
		FormationType Int 0
		00000017 FleetAI
		{
			00000001 UPDATETIMER
			{
				StartTime Double 0
			}
			00000001 OFFSETTIMER
			{
				StartTime Double 0
			}
			OFFSETTIME Float 0.062500
			UPDATETIME Float 0.500000
			00000001 FORMATION
			{
				FORMATIONTYPE String 'None'
			}
			SHIPINFO - Size Int 0
			HOLDFIREACTIVE Bool False 
			AITYPE String 'AIFLEET'
		}
		FlagIndex Int 0
	}
	00000032 Player
	{
		Name String 'navy2'
		Color Colour( 0.066667, 0.266667, 0.733333, 1.000000 )
		IsPlayable Bool False 
		Is Used In Game Bool False 
		Multiplayer Name String ''
		StartPoint Vector3( -1127.295654, -199.420532, 0.000000 )
		StartPointForwardVector Vector3( 1.000000, 0.000000, 0.000000 )
		Race Int 4
		Points Float 0.000000
		TeamIndex Int -1
		FormationType Int 0
		00000017 FleetAI
		{
			00000001 UPDATETIMER
			{
				StartTime Double 0
			}
			00000001 OFFSETTIMER
			{
				StartTime Double 0
			}
			OFFSETTIME Float 0.062500
			UPDATETIME Float 0.500000
			00000001 FORMATION
			{
				FORMATIONTYPE String 'None'
			}
			SHIPINFO - Size Int 0
			HOLDFIREACTIVE Bool False 
			AITYPE String 'AIFLEET'
		}
		FlagIndex Int 0
	}
	00000032 Player
	{
		Name String 'navy3'
		Color Colour( 0.066667, 0.266667, 0.733333, 1.000000 )
		IsPlayable Bool False 
		Is Used In Game Bool False 
		Multiplayer Name String ''
		StartPoint Vector3( -519.549683, -1136.474121, 0.000000 )
		StartPointForwardVector Vector3( 1.000000, 0.000000, 0.000000 )
		Race Int 4
		Points Float 0.000000
		TeamIndex Int -1
		FormationType Int 0
		00000017 FleetAI
		{
			00000001 UPDATETIMER
			{
				StartTime Double 0
			}
			00000001 OFFSETTIMER
			{
				StartTime Double 0
			}
			OFFSETTIME Float 0.062500
			UPDATETIME Float 0.500000
			00000001 FORMATION
			{
				FORMATIONTYPE String 'None'
			}
			SHIPINFO - Size Int 0
			HOLDFIREACTIVE Bool False 
			AITYPE String 'AIFLEET'
		}
		FlagIndex Int 0
	}
	00000032 Player
	{
		Name String 'navy4'
		Color Colour( 0.066667, 0.266667, 0.733333, 1.000000 )
		IsPlayable Bool False 
		Is Used In Game Bool False 
		Multiplayer Name String ''
		StartPoint Vector3( 285.956055, 24.078247, 0.000000 )
		StartPointForwardVector Vector3( 1.000000, 0.000000, 0.000000 )
		Race Int 4
		Points Float 0.000000
		TeamIndex Int -1
		FormationType Int 0
		00000017 FleetAI
		{
			00000001 UPDATETIMER
			{
				StartTime Double 0
			}
			00000001 OFFSETTIMER
			{
				StartTime Double 0
			}
			OFFSETTIME Float 0.062500
			UPDATETIME Float 0.500000
			00000001 FORMATION
			{
				FORMATIONTYPE String 'None'
			}
			SHIPINFO - Size Int 0
			HOLDFIREACTIVE Bool False 
			AITYPE String 'AIFLEET'
		}
		FlagIndex Int 0
	}
	NextID Int 904
	# World Object List
	WorldObjects Int 172
	ID Int 80
	Type String 'Terrain_Nebula'
	00000014 State
	{
		HasState Bool False 
		Position Vector3( 975.067139, 231.674820, 0.000000 )
		Orientation Matrix33( 1.000000, 0.000000, 0.000000, 0.000000, 1.000000, 0.000000, 0.000000, 0.000000, 1.000000 )
		PlayerIndex Int -1
		# AIEntity
		Type String ''
		# RenderEntity
		Type String ''
		# PhysicsEntity
		Type String ''
		# CollisionEntity
		Type String ''
		# CustomInfoEntity
		Type String ''
	}
	ID Int 81
	Type String 'Island13'
	00000014 State
	{
		HasState Bool False 
		Position Vector3( 347.246277, -204.708130, 12.000000 )
		Orientation Matrix33( 0.325624, 0.945499, 0.000000, -0.945499, 0.325624, 0.000000, 0.000000, 0.000000, 1.000000 )
		PlayerIndex Int -1
		# AIEntity
		Type String ''
		# RenderEntity
		Type String ''
		# PhysicsEntity
		Type String ''
		# CollisionEntity
		Type String ''
		# CustomInfoEntity
		Type String ''
	}
	ID Int 82
	Type String 'Island12'
	00000014 State
	{
		HasState Bool False 
		Position Vector3( 621.118103, -577.538879, 0.000000 )
		Orientation Matrix33( 0.438354, 0.898802, 0.000000, -0.898802, 0.438354, 0.000000, 0.000000, 0.000000, 1.000000 )
		PlayerIndex Int -1
		# AIEntity
		Type String ''
		# RenderEntity
		Type String ''
		# PhysicsEntity
		Type String ''
		# CollisionEntity
		Type String ''
		# CustomInfoEntity
		Type String ''
	}
	ID Int 83
	Type String 'Island09'
	00000014 State
	{
		HasState Bool False 
		Position Vector3( 944.944275, -781.825928, 0.000000 )
		Orientation Matrix33( 1.000000, 0.000000, 0.000000, 0.000000, 1.000000, 0.000000, 0.000000, 0.000000, 1.000000 )
		PlayerIndex Int -1
		# AIEntity
		Type String ''
		# RenderEntity
		Type String ''
		# PhysicsEntity
		Type String ''
		# CollisionEntity
		Type String ''
		# CustomInfoEntity
		Type String ''
	}
	ID Int 84
	Type String 'Island14'
	00000014 State
	{
		HasState Bool False 
		Position Vector3( 430.678467, -429.389404, 0.000000 )
		Orientation Matrix33( 1.000000, 0.000000, 0.000000, 0.000000, 1.000000, 0.000000, 0.000000, 0.000000, 1.000000 )
		PlayerIndex Int -1
		# AIEntity
		Type String ''
		# RenderEntity
		Type String ''
		# PhysicsEntity
		Type String ''
		# CollisionEntity
		Type String ''
		# CustomInfoEntity
		Type String ''
	}
	ID Int 161
	Type String 'Island_Rocky_01'
	00000014 State
	{
		HasState Bool False 
		Position Vector3( -384.790497, 1302.592163, 0.000000 )
		Orientation Matrix33( 0.857167, 0.515039, 0.000000, -0.515039, 0.857167, 0.000000, 0.000000, 0.000000, 1.000000 )
		PlayerIndex Int -1
		# AIEntity
		Type String ''
		# RenderEntity
		Type String ''
		# PhysicsEntity
		Type String ''
		# CollisionEntity
		Type String ''
		# CustomInfoEntity
		Type String ''
	}
	ID Int 162
	Type String 'Island_Rocky_02'
	00000014 State
	{
		HasState Bool False 
		Position Vector3( 1089.180542, 1669.353027, 0.000000 )
		Orientation Matrix33( 0.857180, 0.515016, 0.000000, -0.515016, 0.857180, 0.000000, 0.000000, 0.000000, 1.000000 )
		PlayerIndex Int -1
		# AIEntity
		Type String ''
		# RenderEntity
		Type String ''
		# PhysicsEntity
		Type String ''
		# CollisionEntity
		Type String ''
		# CustomInfoEntity
		Type String ''
	}
	ID Int 163
	Type String 'Island_Rocky_03'
	00000014 State
	{
		HasState Bool False 
		Position Vector3( 504.970642, 821.362427, 0.000000 )
		Orientation Matrix33( 0.559199, -0.829033, 0.000000, 0.829033, 0.559199, 0.000000, 0.000000, 0.000000, 1.000000 )
		PlayerIndex Int -1
		# AIEntity
		Type String ''
		# RenderEntity
		Type String ''
		# PhysicsEntity
		Type String ''
		# CollisionEntity
		Type String ''
		# CustomInfoEntity
		Type String ''
	}
	ID Int 164
	Type String 'Island_Rocky_04'
	00000014 State
	{
		HasState Bool False 
		Position Vector3( 460.155701, 357.406403, 0.000000 )
		Orientation Matrix33( 0.743145, -0.669131, 0.000000, 0.669131, 0.743145, 0.000000, 0.000000, 0.000000, 1.000000 )
		PlayerIndex Int -1
		# AIEntity
		Type String ''
		# RenderEntity
		Type String ''
		# PhysicsEntity
		Type String ''
		# CollisionEntity
		Type String ''
		# CustomInfoEntity
		Type String ''
	}
	ID Int 212
	Type String 'Terrain_Etherium_Current'
	00000014 State
	{
		HasState Bool False 
		Position Vector3( 87.893936, -192.851379, 0.000000 )
		Orientation Matrix33( 1.000000, 0.000000, 0.000000, 0.000000, 1.000000, 0.000000, 0.000000, 0.000000, 1.000000 )
		PlayerIndex Int -1
		# AIEntity
		Type String ''
		# RenderEntity
		Type String ''
		# PhysicsEntity
		Type String ''
		# CollisionEntity
		Type String ''
		# CustomInfoEntity
		Type String ''
	}
	ID Int 218
	Type String 'Ship_Navy_Tender'
	00000014 State
	{
		HasState Bool False 
		Position Vector3( -1070.190552, 81.085739, 0.000031 )
		Orientation Matrix33( 0.087156, -0.996195, 0.000000, 0.996195, 0.087156, 0.000000, 0.000000, 0.000000, 1.000000 )
		PlayerIndex Int 1
		# AIEntity
		Type String ''
		# RenderEntity
		Type String ''
		# PhysicsEntity
		Type String ''
		# CollisionEntity
		Type String ''
		# CustomInfoEntity
		Type String ''
	}
	ID Int 219
	Type String 'Ship_Navy_Frigate'
	00000014 State
	{
		HasState Bool False 
		Position Vector3( -1074.325928, 124.771202, 0.000000 )
		Orientation Matrix33( 0.207916, -0.978147, 0.000000, 0.978147, 0.207916, 0.000000, 0.000000, 0.000000, 1.000000 )
		PlayerIndex Int 1
		# AIEntity
		Type String ''
		# RenderEntity
		Type String ''
		# PhysicsEntity
		Type String ''
		# CollisionEntity
		Type String ''
		# CustomInfoEntity
		Type String ''
	}
	ID Int 220
	Type String 'Ship_Navy_Lifeboat'
	00000014 State
	{
		HasState Bool False 
		Position Vector3( -1095.113647, 102.042068, 0.000000 )
		Orientation Matrix33( 0.998628, 0.052368, 0.000000, -0.052368, 0.998628, 0.000000, 0.000000, 0.000000, 1.000000 )
		PlayerIndex Int 1
		# AIEntity
		Type String ''
		# RenderEntity
		Type String ''
		# PhysicsEntity
		Type String ''
		# CollisionEntity
		Type String ''
		# CustomInfoEntity
		Type String ''
	}
	ID Int 221
	Type String 'Ship_Navy_Lifeboat'
	00000014 State
	{
		HasState Bool False 
		Position Vector3( -1109.170166, 80.505707, 0.000000 )
		Orientation Matrix33( 0.998628, 0.052368, 0.000000, -0.052368, 0.998628, 0.000000, 0.000000, 0.000000, 1.000000 )
		PlayerIndex Int 1
		# AIEntity
		Type String ''
		# RenderEntity
		Type String ''
		# PhysicsEntity
		Type String ''
		# CollisionEntity
		Type String ''
		# CustomInfoEntity
		Type String ''
	}
	ID Int 222
	Type String 'Ship_Navy_Lifeboat'
	00000014 State
	{
		HasState Bool False 
		Position Vector3( -1102.560669, 60.356045, 0.000000 )
		Orientation Matrix33( 0.998628, 0.052368, 0.000000, -0.052368, 0.998628, 0.000000, 0.000000, 0.000000, 1.000000 )
		PlayerIndex Int 1
		# AIEntity
		Type String ''
		# RenderEntity
		Type String ''
		# PhysicsEntity
		Type String ''
		# CollisionEntity
		Type String ''
		# CustomInfoEntity
		Type String ''
	}
	ID Int 223
	Type String 'Ship_Navy_Torpedo'
	00000014 State
	{
		HasState Bool False 
		Position Vector3( -1064.469482, 4.737144, -0.000031 )
		Orientation Matrix33( 1.000000, 0.000000, 0.000000, 0.000000, 1.000000, 0.000000, 0.000000, 0.000000, 1.000000 )
		PlayerIndex Int 1
		# AIEntity
		Type String ''
		# RenderEntity
		Type String ''
		# PhysicsEntity
		Type String ''
		# CollisionEntity
		Type String ''
		# CustomInfoEntity
		Type String ''
	}
	ID Int 224
	Type String 'Island_Volcano_01'
	00000014 State
	{
		HasState Bool False 
		Position Vector3( 382.078888, 1989.444946, -0.000244 )
		Orientation Matrix33( 0.997564, 0.069757, 0.000000, -0.069757, 0.997564, 0.000000, 0.000000, 0.000000, 1.000000 )
		PlayerIndex Int -1
		# AIEntity
		Type String ''
		# RenderEntity
		Type String ''
		# PhysicsEntity
		Type String ''
		# CollisionEntity
		Type String ''
		# CustomInfoEntity
		Type String ''
	}
	ID Int 225
	Type String 'Island_Volcano_02'
	00000014 State
	{
		HasState Bool False 
		Position Vector3( -58.638859, 1728.162964, -0.000244 )
		Orientation Matrix33( 0.857175, 0.515025, 0.000000, -0.515025, 0.857175, 0.000000, 0.000000, 0.000000, 1.000000 )
		PlayerIndex Int -1
		# AIEntity
		Type String ''
		# RenderEntity
		Type String ''
		# PhysicsEntity
		Type String ''
		# CollisionEntity
		Type String ''
		# CustomInfoEntity
		Type String ''
	}
	ID Int 226
	Type String 'Island_Volcano_03'
	00000014 State
	{
		HasState Bool False 
		Position Vector3( 876.986206, 1153.322266, -0.000244 )
		Orientation Matrix33( 0.857180, 0.515016, 0.000000, -0.515016, 0.857180, 0.000000, 0.000000, 0.000000, 1.000000 )
		PlayerIndex Int -1
		# AIEntity
		Type String ''
		# RenderEntity
		Type String ''
		# PhysicsEntity
		Type String ''
		# CollisionEntity
		Type String ''
		# CustomInfoEntity
		Type String ''
	}
	ID Int 227
	Type String 'Island_Volcano_04'
	00000014 State
	{
		HasState Bool False 
		Position Vector3( 596.324585, 1476.988159, -0.000244 )
		Orientation Matrix33( 0.857180, 0.515016, 0.000000, -0.515016, 0.857180, 0.000000, 0.000000, 0.000000, 1.000000 )
		PlayerIndex Int -1
		# AIEntity
		Type String ''
		# RenderEntity
		Type String ''
		# PhysicsEntity
		Type String ''
		# CollisionEntity
		Type String ''
		# CustomInfoEntity
		Type String ''
	}
	ID Int 228
	Type String 'Island_Rocky_05'
	00000014 State
	{
		HasState Bool False 
		Position Vector3( 1046.234131, 151.592010, 0.000000 )
		Orientation Matrix33( 1.000000, 0.000000, 0.000000, 0.000000, 1.000000, 0.000000, 0.000000, 0.000000, 1.000000 )
		PlayerIndex Int -1
		# AIEntity
		Type String ''
		# RenderEntity
		Type String ''
		# PhysicsEntity
		Type String ''
		# CollisionEntity
		Type String ''
		# CustomInfoEntity
		Type String ''
	}
	ID Int 229
	Type String 'Island_Rocky_07'
	00000014 State
	{
		HasState Bool False 
		Position Vector3( 811.387756, -346.588562, 0.000000 )
		Orientation Matrix33( 1.000000, 0.000000, 0.000000, 0.000000, 1.000000, 0.000000, 0.000000, 0.000000, 1.000000 )
		PlayerIndex Int -1
		# AIEntity
		Type String ''
		# RenderEntity
		Type String ''
		# PhysicsEntity
		Type String ''
		# CollisionEntity
		Type String ''
		# CustomInfoEntity
		Type String ''
	}
	ID Int 230
	Type String 'Island_Rocky_08'
	00000014 State
	{
		HasState Bool False 
		Position Vector3( 162.578491, 1810.774902, 0.000000 )
		Orientation Matrix33( 0.857167, 0.515039, 0.000000, -0.515039, 0.857167, 0.000000, 0.000000, 0.000000, 1.000000 )
		PlayerIndex Int -1
		# AIEntity
		Type String ''
		# RenderEntity
		Type String ''
		# PhysicsEntity
		Type String ''
		# CollisionEntity
		Type String ''
		# CustomInfoEntity
		Type String ''
	}
	ID Int 231
	Type String 'Island_Rocky_04'
	00000014 State
	{
		HasState Bool False 
		Position Vector3( -185.533112, 1582.883911, -0.000244 )
		Orientation Matrix33( 0.857167, 0.515039, 0.000000, -0.515039, 0.857167, 0.000000, 0.000000, 0.000000, 1.000000 )
		PlayerIndex Int -1
		# AIEntity
		Type String ''
		# RenderEntity
		Type String ''
		# PhysicsEntity
		Type String ''
		# CollisionEntity
		Type String ''
		# CustomInfoEntity
		Type String ''
	}
	ID Int 232
	Type String 'Island_Small01'
	00000014 State
	{
		HasState Bool False 
		Position Vector3( -777.545471, 886.729980, -0.000244 )
		Orientation Matrix33( 0.857180, 0.515016, 0.000000, -0.515016, 0.857180, 0.000000, 0.000000, 0.000000, 1.000000 )
		PlayerIndex Int -1
		# AIEntity
		Type String ''
		# RenderEntity
		Type String ''
		# PhysicsEntity
		Type String ''
		# CollisionEntity
		Type String ''
		# CustomInfoEntity
		Type String ''
	}
	ID Int 235
	Type String 'Ship_Navy_Sloop'
	00000014 State
	{
		HasState Bool False 
		Position Vector3( -1793.280396, 1088.574951, -6.000000 )
		Orientation Matrix33( 0.308967, -0.951073, 0.000000, 0.951073, 0.308967, 0.000000, 0.000000, 0.000000, 1.000000 )
		PlayerIndex Int 1
		# AIEntity
		Type String ''
		# RenderEntity
		Type String ''
		# PhysicsEntity
		Type String ''
		# CollisionEntity
		Type String ''
		# CustomInfoEntity
		Type String ''
	}
	ID Int 236
	Type String 'Ship_Navy_ManOWar'
	00000014 State
	{
		HasState Bool False 
		Position Vector3( -1154.911377, -272.838837, 0.000000 )
		Orientation Matrix33( -0.999390, -0.034912, 0.000000, 0.034912, -0.999390, 0.000000, 0.000000, 0.000000, 1.000000 )
		PlayerIndex Int 5
		# AIEntity
		Type String ''
		# RenderEntity
		Type String ''
		# PhysicsEntity
		Type String ''
		# CollisionEntity
		Type String ''
		# CustomInfoEntity
		Type String ''
	}
	ID Int 238
	Type String 'Ship_Pirate_Sloop'
	00000014 State
	{
		HasState Bool False 
		Position Vector3( 938.764343, 1933.603271, 0.000000 )
		Orientation Matrix33( -0.754760, 0.656001, 0.000000, -0.656001, -0.754760, 0.000000, 0.000000, 0.000000, 1.000000 )
		PlayerIndex Int 2
		# AIEntity
		Type String ''
		# RenderEntity
		Type String ''
		# PhysicsEntity
		Type String ''
		# CollisionEntity
		Type String ''
		# CustomInfoEntity
		Type String ''
	}
	ID Int 240
	Type String 'Ship_Pirate_Sloop'
	00000014 State
	{
		HasState Bool False 
		Position Vector3( 1987.396729, 1972.057617, -0.000122 )
		Orientation Matrix33( -0.754701, 0.656068, 0.000000, -0.656068, -0.754701, 0.000000, 0.000000, 0.000000, 1.000000 )
		PlayerIndex Int 2
		# AIEntity
		Type String ''
		# RenderEntity
		Type String ''
		# PhysicsEntity
		Type String ''
		# CollisionEntity
		Type String ''
		# CustomInfoEntity
		Type String ''
	}
	ID Int 242
	Type String 'Island14'
	00000014 State
	{
		HasState Bool False 
		Position Vector3( -1129.339233, 514.940063, -0.000244 )
		Orientation Matrix33( 1.000000, 0.000000, 0.000000, 0.000000, 1.000000, 0.000000, 0.000000, 0.000000, 1.000000 )
		PlayerIndex Int -1
		# AIEntity
		Type String ''
		# RenderEntity
		Type String ''
		# PhysicsEntity
		Type String ''
		# CollisionEntity
		Type String ''
		# CustomInfoEntity
		Type String ''
	}
	ID Int 249
	Type String 'Ship_Navy_Cutter'
	00000014 State
	{
		HasState Bool False 
		Position Vector3( 980.717224, -105.248581, 0.000000 )
		Orientation Matrix33( 0.087156, 0.996195, 0.000000, -0.996195, 0.087156, 0.000000, 0.000000, 0.000000, 1.000000 )
		PlayerIndex Int 1
		# AIEntity
		Type String ''
		# RenderEntity
		Type String ''
		# PhysicsEntity
		Type String ''
		# CollisionEntity
		Type String ''
		# CustomInfoEntity
		Type String ''
	}
	ID Int 251
	Type String 'Ship_Navy_Cutter'
	00000014 State
	{
		HasState Bool False 
		Position Vector3( -516.466736, -970.287537, -0.000061 )
		Orientation Matrix33( 1.000000, 0.000000, 0.000000, 0.000000, 1.000000, 0.000000, 0.000000, 0.000000, 1.000000 )
		PlayerIndex Int 6
		# AIEntity
		Type String ''
		# RenderEntity
		Type String ''
		# PhysicsEntity
		Type String ''
		# CollisionEntity
		Type String ''
		# CustomInfoEntity
		Type String ''
	}
	ID Int 264
	Type String 'Ship_Navy_Frigate'
	00000014 State
	{
		HasState Bool False 
		Position Vector3( -1238.617065, -65.978088, 0.000000 )
		Orientation Matrix33( -0.241902, -0.970301, 0.000000, 0.970301, -0.241902, 0.000000, 0.000000, 0.000000, 1.000000 )
		PlayerIndex Int 5
		# AIEntity
		Type String ''
		# RenderEntity
		Type String ''
		# PhysicsEntity
		Type String ''
		# CollisionEntity
		Type String ''
		# CustomInfoEntity
		Type String ''
	}
	ID Int 265
	Type String 'Ship_Navy_FastFrigate'
	00000014 State
	{
		HasState Bool False 
		Position Vector3( -1125.685059, -62.903625, 0.000000 )
		Orientation Matrix33( -0.515025, 0.857175, 0.000000, -0.857175, -0.515025, 0.000000, 0.000000, 0.000000, 1.000000 )
		PlayerIndex Int 5
		# AIEntity
		Type String ''
		# RenderEntity
		Type String ''
		# PhysicsEntity
		Type String ''
		# CollisionEntity
		Type String ''
		# CustomInfoEntity
		Type String ''
	}
	ID Int 266
	Type String 'Ship_Navy_Frigate'
	00000014 State
	{
		HasState Bool False 
		Position Vector3( -1090.155884, -131.281525, 0.000000 )
		Orientation Matrix33( -0.984801, -0.173685, 0.000000, 0.173685, -0.984801, 0.000000, 0.000000, 0.000000, 1.000000 )
		PlayerIndex Int 5
		# AIEntity
		Type String ''
		# RenderEntity
		Type String ''
		# PhysicsEntity
		Type String ''
		# CollisionEntity
		Type String ''
		# CustomInfoEntity
		Type String ''
	}
	ID Int 267
	Type String 'Ship_Navy_FastFrigate'
	00000014 State
	{
		HasState Bool False 
		Position Vector3( -1169.136963, -171.816513, 0.000000 )
		Orientation Matrix33( -0.777181, -0.629277, 0.000000, 0.629277, -0.777181, 0.000000, 0.000000, 0.000000, 1.000000 )
		PlayerIndex Int 5
		# AIEntity
		Type String ''
		# RenderEntity
		Type String ''
		# PhysicsEntity
		Type String ''
		# CollisionEntity
		Type String ''
		# CustomInfoEntity
		Type String ''
	}
	ID Int 283
	Type String 'Terrain_BlackHole_Med'
	00000014 State
	{
		HasState Bool False 
		Position Vector3( -6.851170, -1341.536377, 0.000000 )
		Orientation Matrix33( 1.000000, 0.000000, 0.000000, 0.000000, 1.000000, 0.000000, 0.000000, 0.000000, 1.000000 )
		PlayerIndex Int -1
		# AIEntity
		Type String ''
		# RenderEntity
		Type String ''
		# PhysicsEntity
		Type String ''
		# CollisionEntity
		Type String ''
		# CustomInfoEntity
		Type String ''
	}
	ID Int 443
	Type String 'Asteroid_Med'
	00000014 State
	{
		HasState Bool False 
		Position Vector3( -489.541718, -991.361023, 0.000000 )
		Orientation Matrix33( 1.000000, 0.000000, 0.000000, 0.000000, 1.000000, 0.000000, 0.000000, 0.000000, 1.000000 )
		PlayerIndex Int -1
		# AIEntity
		Type String ''
		# RenderEntity
		Type String ''
		# PhysicsEntity
		Type String ''
		# CollisionEntity
		Type String ''
		# CustomInfoEntity
		Type String ''
	}
	ID Int 444
	Type String 'Asteroid_Med'
	00000014 State
	{
		HasState Bool False 
		Position Vector3( -567.978088, -1000.783081, 0.000000 )
		Orientation Matrix33( 1.000000, 0.000000, 0.000000, 0.000000, 1.000000, 0.000000, 0.000000, 0.000000, 1.000000 )
		PlayerIndex Int -1
		# AIEntity
		Type String ''
		# RenderEntity
		Type String ''
		# PhysicsEntity
		Type String ''
		# CollisionEntity
		Type String ''
		# CustomInfoEntity
		Type String ''
	}
	ID Int 445
	Type String 'Island04'
	00000014 State
	{
		HasState Bool False 
		Position Vector3( -755.172546, 266.610107, 0.000000 )
		Orientation Matrix33( 1.000000, 0.000000, 0.000000, 0.000000, 1.000000, 0.000000, 0.000000, 0.000000, 1.000000 )
		PlayerIndex Int -1
		# AIEntity
		Type String ''
		# RenderEntity
		Type String ''
		# PhysicsEntity
		Type String ''
		# CollisionEntity
		Type String ''
		# CustomInfoEntity
		Type String ''
	}
	ID Int 496
	Type String 'Asteroid_Med'
	00000014 State
	{
		HasState Bool False 
		Position Vector3( -362.056488, -1010.870972, 2.000000 )
		Orientation Matrix33( 0.431529, -0.133085, 0.892228, -0.086597, 0.978379, 0.187818, -0.897933, -0.158313, 0.410674 )
		PlayerIndex Int -1
		# AIEntity
		Type String ''
		# RenderEntity
		Type String ''
		# PhysicsEntity
		Type String ''
		# CollisionEntity
		Type String ''
		# CustomInfoEntity
		Type String ''
	}
	ID Int 507
	Type String 'Island14'
	00000014 State
	{
		HasState Bool False 
		Position Vector3( -871.432129, -52.948605, 0.000000 )
		Orientation Matrix33( 1.000000, 0.000000, 0.000000, 0.000000, 1.000000, 0.000000, 0.000000, 0.000000, 1.000000 )
		PlayerIndex Int -1
		# AIEntity
		Type String ''
		# RenderEntity
		Type String ''
		# PhysicsEntity
		Type String ''
		# CollisionEntity
		Type String ''
		# CustomInfoEntity
		Type String ''
	}
	ID Int 508
	Type String 'Island13'
	00000014 State
	{
		HasState Bool False 
		Position Vector3( -414.109314, 133.630615, 0.000000 )
		Orientation Matrix33( 1.000000, 0.000000, 0.000000, 0.000000, 1.000000, 0.000000, 0.000000, 0.000000, 1.000000 )
		PlayerIndex Int -1
		# AIEntity
		Type String ''
		# RenderEntity
		Type String ''
		# PhysicsEntity
		Type String ''
		# CollisionEntity
		Type String ''
		# CustomInfoEntity
		Type String ''
	}
	ID Int 509
	Type String 'Island12'
	00000014 State
	{
		HasState Bool False 
		Position Vector3( -751.825317, 616.774536, 0.000000 )
		Orientation Matrix33( 1.000000, 0.000000, 0.000000, 0.000000, 1.000000, 0.000000, 0.000000, 0.000000, 1.000000 )
		PlayerIndex Int -1
		# AIEntity
		Type String ''
		# RenderEntity
		Type String ''
		# PhysicsEntity
		Type String ''
		# CollisionEntity
		Type String ''
		# CustomInfoEntity
		Type String ''
	}
	ID Int 510
	Type String 'Animal_SpaceMantaray'
	00000014 State
	{
		HasState Bool False 
		Position Vector3( -878.884888, 473.716187, 5.000000 )
		Orientation Matrix33( 0.951057, -0.309017, 0.000000, 0.309017, 0.951057, 0.000000, 0.000000, 0.000000, 1.000000 )
		PlayerIndex Int -1
		# AIEntity
		Type String ''
		# RenderEntity
		Type String ''
		# PhysicsEntity
		Type String ''
		# CollisionEntity
		Type String ''
		# CustomInfoEntity
		Type String ''
	}
	ID Int 511
	Type String 'Animal_SpaceMantaray'
	00000014 State
	{
		HasState Bool False 
		Position Vector3( -858.051331, 458.331818, 4.000000 )
		Orientation Matrix33( 0.951057, -0.309017, 0.000000, 0.309017, 0.951057, 0.000000, 0.000000, 0.000000, 1.000000 )
		PlayerIndex Int -1
		# AIEntity
		Type String ''
		# RenderEntity
		Type String ''
		# PhysicsEntity
		Type String ''
		# CollisionEntity
		Type String ''
		# CustomInfoEntity
		Type String ''
	}
	ID Int 512
	Type String 'Animal_SpaceMantaray'
	00000014 State
	{
		HasState Bool False 
		Position Vector3( -854.570923, 496.541290, 0.000000 )
		Orientation Matrix33( 0.951057, -0.309017, 0.000000, 0.309017, 0.951057, 0.000000, 0.000000, 0.000000, 1.000000 )
		PlayerIndex Int -1
		# AIEntity
		Type String ''
		# RenderEntity
		Type String ''
		# PhysicsEntity
		Type String ''
		# CollisionEntity
		Type String ''
		# CustomInfoEntity
		Type String ''
	}
	ID Int 513
	Type String 'Animal_SpaceMantaray'
	00000014 State
	{
		HasState Bool False 
		Position Vector3( -867.448730, 463.750153, 0.000000 )
		Orientation Matrix33( 0.951057, -0.309017, 0.000000, 0.309017, 0.951057, 0.000000, 0.000000, 0.000000, 1.000000 )
		PlayerIndex Int -1
		# AIEntity
		Type String ''
		# RenderEntity
		Type String ''
		# PhysicsEntity
		Type String ''
		# CollisionEntity
		Type String ''
		# CustomInfoEntity
		Type String ''
	}
	ID Int 514
	Type String 'Animal_SpaceMantaray'
	00000014 State
	{
		HasState Bool False 
		Position Vector3( -878.636841, 438.678711, -0.000061 )
		Orientation Matrix33( 0.951057, -0.309017, 0.000000, 0.309017, 0.951057, 0.000000, 0.000000, 0.000000, 1.000000 )
		PlayerIndex Int -1
		# AIEntity
		Type String ''
		# RenderEntity
		Type String ''
		# PhysicsEntity
		Type String ''
		# CollisionEntity
		Type String ''
		# CustomInfoEntity
		Type String ''
	}
	ID Int 515
	Type String 'Ship_Pirate_Sloop'
	00000014 State
	{
		HasState Bool False 
		Position Vector3( 1477.840210, 2019.244629, 0.000000 )
		Orientation Matrix33( -0.939693, 0.342020, 0.000000, -0.342020, -0.939693, 0.000000, 0.000000, 0.000000, 1.000000 )
		PlayerIndex Int 2
		# AIEntity
		Type String ''
		# RenderEntity
		Type String ''
		# PhysicsEntity
		Type String ''
		# CollisionEntity
		Type String ''
		# CustomInfoEntity
		Type String ''
	}
	ID Int 572
	Type String 'Asteroid_Med'
	00000014 State
	{
		HasState Bool False 
		Position Vector3( -245.539398, -334.595215, 4.000000 )
		Orientation Matrix33( 0.013785, -0.619019, 0.785255, -0.043650, -0.784954, -0.618015, 0.998952, -0.025757, -0.037841 )
		PlayerIndex Int -1
		# AIEntity
		Type String ''
		# RenderEntity
		Type String ''
		# PhysicsEntity
		Type String ''
		# CollisionEntity
		Type String ''
		# CustomInfoEntity
		Type String ''
	}
	ID Int 624
	Type String 'Asteroid_Small'
	00000014 State
	{
		HasState Bool False 
		Position Vector3( 432.160034, -1889.078613, 3.000000 )
		Orientation Matrix33( 0.820942, 0.207769, 0.531871, 0.177454, 0.792502, -0.583481, -0.542738, 0.573387, 0.613729 )
		PlayerIndex Int -1
		# AIEntity
		Type String ''
		# RenderEntity
		Type String ''
		# PhysicsEntity
		Type String ''
		# CollisionEntity
		Type String ''
		# CustomInfoEntity
		Type String ''
	}
	ID Int 657
	Type String 'Asteroid_Med'
	00000014 State
	{
		HasState Bool False 
		Position Vector3( -534.411682, -1575.613892, 3.999878 )
		Orientation Matrix33( -0.251114, -0.112943, -0.961346, -0.050672, -0.990274, 0.129578, -0.966630, 0.081252, 0.242949 )
		PlayerIndex Int -1
		# AIEntity
		Type String ''
		# RenderEntity
		Type String ''
		# PhysicsEntity
		Type String ''
		# CollisionEntity
		Type String ''
		# CustomInfoEntity
		Type String ''
	}
	ID Int 679
	Type String 'Asteroid_Small'
	00000014 State
	{
		HasState Bool False 
		Position Vector3( -418.325134, -1128.633789, 0.000122 )
		Orientation Matrix33( 0.046840, -0.596650, -0.801133, -0.995112, -0.097670, 0.014559, -0.086933, 0.796536, -0.598309 )
		PlayerIndex Int -1
		# AIEntity
		Type String ''
		# RenderEntity
		Type String ''
		# PhysicsEntity
		Type String ''
		# CollisionEntity
		Type String ''
		# CustomInfoEntity
		Type String ''
	}
	ID Int 680
	Type String 'Asteroid_Med'
	00000014 State
	{
		HasState Bool False 
		Position Vector3( -400.305481, -1075.063477, 4.000000 )
		Orientation Matrix33( 0.529733, -0.254552, 0.809065, 0.552295, 0.827475, -0.101269, -0.643703, 0.500488, 0.578929 )
		PlayerIndex Int -1
		# AIEntity
		Type String ''
		# RenderEntity
		Type String ''
		# PhysicsEntity
		Type String ''
		# CollisionEntity
		Type String ''
		# CustomInfoEntity
		Type String ''
	}
	ID Int 700
	Type String 'Asteroid_Small'
	00000014 State
	{
		HasState Bool False 
		Position Vector3( 246.665649, -973.538208, -5.000000 )
		Orientation Matrix33( -0.032599, -0.765837, 0.642208, 0.162482, 0.629941, 0.759456, -0.986173, 0.129105, 0.103899 )
		PlayerIndex Int -1
		# AIEntity
		Type String ''
		# RenderEntity
		Type String ''
		# PhysicsEntity
		Type String ''
		# CollisionEntity
		Type String ''
		# CustomInfoEntity
		Type String ''
	}
	ID Int 701
	Type String 'Asteroid_Med'
	00000014 State
	{
		HasState Bool False 
		Position Vector3( 247.665649, -976.538208, 5.000000 )
		Orientation Matrix33( 0.409107, 0.040793, -0.911574, -0.625713, -0.714593, -0.312793, -0.664164, 0.698350, -0.266821 )
		PlayerIndex Int -1
		# AIEntity
		Type String ''
		# RenderEntity
		Type String ''
		# PhysicsEntity
		Type String ''
		# CollisionEntity
		Type String ''
		# CustomInfoEntity
		Type String ''
	}
	ID Int 753
	Type String 'Asteroid_Large'
	00000014 State
	{
		HasState Bool False 
		Position Vector3( -870.813232, -1058.136230, 0.000000 )
		Orientation Matrix33( 1.000000, 0.000000, 0.000000, 0.000000, 1.000000, 0.000000, 0.000000, 0.000000, 1.000000 )
		PlayerIndex Int -1
		# AIEntity
		Type String ''
		# RenderEntity
		Type String ''
		# PhysicsEntity
		Type String ''
		# CollisionEntity
		Type String ''
		# CustomInfoEntity
		Type String ''
	}
	ID Int 755
	Type String 'Asteroid_Large'
	00000014 State
	{
		HasState Bool False 
		Position Vector3( -730.811890, -548.856567, 0.000000 )
		Orientation Matrix33( 1.000000, 0.000000, 0.000000, 0.000000, 1.000000, 0.000000, 0.000000, 0.000000, 1.000000 )
		PlayerIndex Int -1
		# AIEntity
		Type String ''
		# RenderEntity
		Type String ''
		# PhysicsEntity
		Type String ''
		# CollisionEntity
		Type String ''
		# CustomInfoEntity
		Type String ''
	}
	ID Int 757
	Type String 'Asteroid_Large'
	00000014 State
	{
		HasState Bool False 
		Position Vector3( -344.171631, -355.412842, 0.000000 )
		Orientation Matrix33( 1.000000, 0.000000, 0.000000, 0.000000, 1.000000, 0.000000, 0.000000, 0.000000, 1.000000 )
		PlayerIndex Int -1
		# AIEntity
		Type String ''
		# RenderEntity
		Type String ''
		# PhysicsEntity
		Type String ''
		# CollisionEntity
		Type String ''
		# CustomInfoEntity
		Type String ''
	}
	ID Int 758
	Type String 'Asteroid_Large'
	00000014 State
	{
		HasState Bool False 
		Position Vector3( -62.606506, -370.683594, 0.000000 )
		Orientation Matrix33( 1.000000, 0.000000, 0.000000, 0.000000, 1.000000, 0.000000, 0.000000, 0.000000, 1.000000 )
		PlayerIndex Int -1
		# AIEntity
		Type String ''
		# RenderEntity
		Type String ''
		# PhysicsEntity
		Type String ''
		# CollisionEntity
		Type String ''
		# CustomInfoEntity
		Type String ''
	}
	ID Int 760
	Type String 'Asteroid_Large'
	00000014 State
	{
		HasState Bool False 
		Position Vector3( 353.664520, -718.359497, 0.000000 )
		Orientation Matrix33( 1.000000, 0.000000, 0.000000, 0.000000, 1.000000, 0.000000, 0.000000, 0.000000, 1.000000 )
		PlayerIndex Int -1
		# AIEntity
		Type String ''
		# RenderEntity
		Type String ''
		# PhysicsEntity
		Type String ''
		# CollisionEntity
		Type String ''
		# CustomInfoEntity
		Type String ''
	}
	ID Int 762
	Type String 'Asteroid_Large'
	00000014 State
	{
		HasState Bool False 
		Position Vector3( 598.637817, -1080.905518, 0.000000 )
		Orientation Matrix33( 1.000000, 0.000000, 0.000000, 0.000000, 1.000000, 0.000000, 0.000000, 0.000000, 1.000000 )
		PlayerIndex Int -1
		# AIEntity
		Type String ''
		# RenderEntity
		Type String ''
		# PhysicsEntity
		Type String ''
		# CollisionEntity
		Type String ''
		# CustomInfoEntity
		Type String ''
	}
	ID Int 764
	Type String 'Asteroid_Large'
	00000014 State
	{
		HasState Bool False 
		Position Vector3( 468.378296, -1475.447998, 0.000000 )
		Orientation Matrix33( 1.000000, 0.000000, 0.000000, 0.000000, 1.000000, 0.000000, 0.000000, 0.000000, 1.000000 )
		PlayerIndex Int -1
		# AIEntity
		Type String ''
		# RenderEntity
		Type String ''
		# PhysicsEntity
		Type String ''
		# CollisionEntity
		Type String ''
		# CustomInfoEntity
		Type String ''
	}
	ID Int 765
	Type String 'Asteroid_Large'
	00000014 State
	{
		HasState Bool False 
		Position Vector3( 281.062897, -1841.391113, 0.000000 )
		Orientation Matrix33( 1.000000, 0.000000, 0.000000, 0.000000, 1.000000, 0.000000, 0.000000, 0.000000, 1.000000 )
		PlayerIndex Int -1
		# AIEntity
		Type String ''
		# RenderEntity
		Type String ''
		# PhysicsEntity
		Type String ''
		# CollisionEntity
		Type String ''
		# CustomInfoEntity
		Type String ''
	}
	ID Int 767
	Type String 'Asteroid_Large'
	00000014 State
	{
		HasState Bool False 
		Position Vector3( -72.965698, -1899.946411, 0.000000 )
		Orientation Matrix33( 1.000000, 0.000000, 0.000000, 0.000000, 1.000000, 0.000000, 0.000000, 0.000000, 1.000000 )
		PlayerIndex Int -1
		# AIEntity
		Type String ''
		# RenderEntity
		Type String ''
		# PhysicsEntity
		Type String ''
		# CollisionEntity
		Type String ''
		# CustomInfoEntity
		Type String ''
	}
	ID Int 780
	Type String 'Asteroid_Huge'
	00000014 State
	{
		HasState Bool False 
		Position Vector3( -442.745514, -1214.157471, -0.000122 )
		Orientation Matrix33( 1.000000, 0.000000, 0.000000, 0.000000, 1.000000, 0.000000, 0.000000, 0.000000, 1.000000 )
		PlayerIndex Int -1
		# AIEntity
		Type String ''
		# RenderEntity
		Type String ''
		# PhysicsEntity
		Type String ''
		# CollisionEntity
		Type String ''
		# CustomInfoEntity
		Type String ''
	}
	ID Int 790
	Type String 'Asteroid_Large'
	00000014 State
	{
		HasState Bool False 
		Position Vector3( -546.160767, -1332.860107, 0.000000 )
		Orientation Matrix33( 1.000000, 0.000000, 0.000000, 0.000000, 1.000000, 0.000000, 0.000000, 0.000000, 1.000000 )
		PlayerIndex Int -1
		# AIEntity
		Type String ''
		# RenderEntity
		Type String ''
		# PhysicsEntity
		Type String ''
		# CollisionEntity
		Type String ''
		# CustomInfoEntity
		Type String ''
	}
	ID Int 792
	Type String 'Asteroid_Med'
	00000014 State
	{
		HasState Bool False 
		Position Vector3( -516.188965, -1563.922607, 0.000000 )
		Orientation Matrix33( 1.000000, 0.000000, 0.000000, 0.000000, 1.000000, 0.000000, 0.000000, 0.000000, 1.000000 )
		PlayerIndex Int -1
		# AIEntity
		Type String ''
		# RenderEntity
		Type String ''
		# PhysicsEntity
		Type String ''
		# CollisionEntity
		Type String ''
		# CustomInfoEntity
		Type String ''
	}
	ID Int 793
	Type String 'Asteroid_Med'
	00000014 State
	{
		HasState Bool False 
		Position Vector3( -634.385315, -1413.977295, 0.000061 )
		Orientation Matrix33( 1.000000, 0.000000, 0.000000, 0.000000, 1.000000, 0.000000, 0.000000, 0.000000, 1.000000 )
		PlayerIndex Int -1
		# AIEntity
		Type String ''
		# RenderEntity
		Type String ''
		# PhysicsEntity
		Type String ''
		# CollisionEntity
		Type String ''
		# CustomInfoEntity
		Type String ''
	}
	ID Int 794
	Type String 'Asteroid_Large'
	00000014 State
	{
		HasState Bool False 
		Position Vector3( -765.780579, -1262.135742, 0.000000 )
		Orientation Matrix33( 1.000000, 0.000000, 0.000000, 0.000000, 1.000000, 0.000000, 0.000000, 0.000000, 1.000000 )
		PlayerIndex Int -1
		# AIEntity
		Type String ''
		# RenderEntity
		Type String ''
		# PhysicsEntity
		Type String ''
		# CollisionEntity
		Type String ''
		# CustomInfoEntity
		Type String ''
	}
	ID Int 795
	Type String 'Asteroid_Large'
	00000014 State
	{
		HasState Bool False 
		Position Vector3( -513.798035, -1411.786011, 0.000000 )
		Orientation Matrix33( 1.000000, 0.000000, 0.000000, 0.000000, 1.000000, 0.000000, 0.000000, 0.000000, 1.000000 )
		PlayerIndex Int -1
		# AIEntity
		Type String ''
		# RenderEntity
		Type String ''
		# PhysicsEntity
