# (c) BaRkiNg DOG studios 2002
00000028 WorldInfo
{
	IsMultiplayerMap Bool True
	MustAssembleFleet Bool False 
	World Description String 'IDGS_TPWORLDDESCRIPTION_SAMPLE'
	WorldNameID String 'IDGS_TPJOURNALSCREEN_MISSION5_JOURNALTITLE'
	Object Count Int 125
	Team List - Size Int 0
	Number of Players Int 8
	PlayerInfo - Player Name String 'Player'
	PlayerInfo - TeamIndex Int -1
	PlayerInfo - Player Name String 'Base Pirates'
	PlayerInfo - TeamIndex Int -1
	PlayerInfo - Player Name String 'Evil Pirates'
	PlayerInfo - TeamIndex Int -1
	PlayerInfo - Player Name String 'Silver'
	PlayerInfo - TeamIndex Int -1
	PlayerInfo - Player Name String 'Procyon Diplomatic Fleet'
	PlayerInfo - TeamIndex Int -1
	PlayerInfo - Player Name String 'The Pirate Base'
	PlayerInfo - TeamIndex Int -1
	PlayerInfo - Player Name String 'Tug And Boats'
	PlayerInfo - TeamIndex Int -1
	PlayerInfo - Player Name String 'Pirate Ship Being Towed'
	PlayerInfo - TeamIndex Int -1
	IsCampaign Bool True
	Use Custom World Name Bool False 
	Custom World Name String ''
	Use Custom World Description Bool False 
	Custom World Description String ''
}
00000008 Game
{
	00000002 Time
	{
		Game Tick Int 0
		Game Time Double 0
	}
	Frame Int -1
	Paused Bool False 
	ActivePlayerIndex Int -1
}
00010929 World
{
	WorldName String 'Mission05Test'
	Random Seed Int 2117141727
	World Size - Min Vector3( -2500.000000, -2500.000000, -500.000000 )
	World Size - Max Vector3( 2500.000000, 2500.000000, 500.000000 )
	# Player List
	PlayerList Int 16
	00000032 Player
	{
		Name String 'Player'
		Color Colour( 0.066667, 0.266667, 0.733333, 1.000000 )
		IsPlayable Bool True
		Is Used In Game Bool False 
		Multiplayer Name String ''
		StartPoint Vector3( -1133.049316, 1152.816162, -0.000015 )
		StartPointForwardVector Vector3( 0.385596, -0.922668, 0.000005 )
		Race Int 4
		Points Float 0.000000
		TeamIndex Int -1
		FormationType Int 5
		00000017 FleetAI
		{
			00000001 UPDATETIMER
			{
				StartTime Double 0
			}
			00000001 OFFSETTIMER
			{
				StartTime Double 0
			}
			OFFSETTIME Float 0.062500
			UPDATETIME Float 0.500000
			00000001 FORMATION
			{
				FORMATIONTYPE String 'None'
			}
			SHIPINFO - Size Int 0
			HOLDFIREACTIVE Bool False 
			AITYPE String 'AIFLEET'
		}
		FlagIndex Int 0
	}
	00000032 Player
	{
		Name String 'Base Pirates'
		Color Colour( 0.772549, 0.027451, 0.047059, 1.000000 )
		IsPlayable Bool True
		Is Used In Game Bool False 
		Multiplayer Name String ''
		StartPoint Vector3( 1057.144409, -1085.512573, 0.000000 )
		StartPointForwardVector Vector3( 1.000000, 0.000000, 0.000000 )
		Race Int 4
		Points Float 0.000000
		TeamIndex Int -1
		FormationType Int 0
		00000017 FleetAI
		{
			00000001 UPDATETIMER
			{
				StartTime Double 0
			}
			00000001 OFFSETTIMER
			{
				StartTime Double 0
			}
			OFFSETTIME Float 0.062500
			UPDATETIME Float 0.500000
			00000001 FORMATION
			{
				FORMATIONTYPE String 'None'
			}
			SHIPINFO - Size Int 0
			HOLDFIREACTIVE Bool False 
			AITYPE String 'AIFLEET'
		}
		FlagIndex Int 0
	}
	00000032 Player
	{
		Name String 'RLS Valiant'
		Color Colour( 0.066667, 0.266667, 0.733333, 1.000000 )
		IsPlayable Bool False 
		Is Used In Game Bool False 
		Multiplayer Name String ''
		StartPoint Vector3( -441.915161, -1418.651855, 0.000000 )
		StartPointForwardVector Vector3( 1.000000, 0.000000, 0.000000 )
		Race Int 4
		Points Float 0.000000
		TeamIndex Int -1
		FormationType Int 0
		00000017 FleetAI
		{
			00000001 UPDATETIMER
			{
				StartTime Double 0
			}
			00000001 OFFSETTIMER
			{
				StartTime Double 0
			}
			OFFSETTIME Float 0.062500
			UPDATETIME Float 0.500000
			00000001 FORMATION
			{
				FORMATIONTYPE String 'None'
			}
			SHIPINFO - Size Int 0
			HOLDFIREACTIVE Bool False 
			AITYPE String 'AIFLEET'
		}
		FlagIndex Int 0
	}
	00000032 Player
	{
		Name String 'Evil Pirates'
		Color Colour( 0.772549, 0.027451, 0.047059, 1.000000 )
		IsPlayable Bool True
		Is Used In Game Bool False 
		Multiplayer Name String ''
		StartPoint Vector3( -663.758118, -1433.661133, 0.000000 )
		StartPointForwardVector Vector3( 1.000000, 0.000000, 0.000000 )
		Race Int 4
		Points Float 0.000000
		TeamIndex Int -1
		FormationType Int 0
		00000017 FleetAI
		{
			00000001 UPDATETIMER
			{
				StartTime Double 0
			}
			00000001 OFFSETTIMER
			{
				StartTime Double 0
			}
			OFFSETTIME Float 0.062500
			UPDATETIME Float 0.500000
			00000001 FORMATION
			{
				FORMATIONTYPE String 'None'
			}
			SHIPINFO - Size Int 0
			HOLDFIREACTIVE Bool False 
			AITYPE String 'AIFLEET'
		}
		FlagIndex Int 0
	}
	00000032 Player
	{
		Name String 'Silver'
		Color Colour( 0.772549, 0.027451, 0.047059, 1.000000 )
		IsPlayable Bool True
		Is Used In Game Bool False 
		Multiplayer Name String ''
		StartPoint Vector3( -1710.568237, 264.388367, 0.000000 )
		StartPointForwardVector Vector3( 0.931466, -0.363828, 0.000000 )
		Race Int 4
		Points Float 0.000000
		TeamIndex Int -1
		FormationType Int 0
		00000017 FleetAI
		{
			00000001 UPDATETIMER
			{
				StartTime Double 0
			}
			00000001 OFFSETTIMER
			{
				StartTime Double 0
			}
			OFFSETTIME Float 0.062500
			UPDATETIME Float 0.500000
			00000001 FORMATION
			{
				FORMATIONTYPE String 'None'
			}
			SHIPINFO - Size Int 0
			HOLDFIREACTIVE Bool False 
			AITYPE String 'AIFLEET'
		}
		FlagIndex Int 0
	}
	00000032 Player
	{
		Name String 'Procyon Diplomatic Fleet'
		Color Colour( 0.047059, 0.713726, 0.062745, 1.000000 )
		IsPlayable Bool True
		Is Used In Game Bool False 
		Multiplayer Name String ''
		StartPoint Vector3( -1734.312744, 89.956787, 0.000000 )
		StartPointForwardVector Vector3( 0.975024, -0.222097, 0.000000 )
		Race Int 4
		Points Float 0.000000
		TeamIndex Int -1
		FormationType Int 0
		00000017 FleetAI
		{
			00000001 UPDATETIMER
			{
				StartTime Double 0
			}
			00000001 OFFSETTIMER
			{
				StartTime Double 0
			}
			OFFSETTIME Float 0.062500
			UPDATETIME Float 0.500000
			00000001 FORMATION
			{
				FORMATIONTYPE String 'None'
			}
			SHIPINFO - Size Int 0
			HOLDFIREACTIVE Bool False 
			AITYPE String 'AIFLEET'
		}
		FlagIndex Int 0
	}
	00000032 Player
	{
		Name String 'Alzrandian Fishing Boats'
		Color Colour( 0.000000, 0.000000, 0.000000, 0.000000 )
		IsPlayable Bool False 
		Is Used In Game Bool False 
		Multiplayer Name String ''
		StartPoint Vector3( 21.352539, 835.201660, 0.000000 )
		StartPointForwardVector Vector3( 1.000000, 0.000000, 0.000000 )
		Race Int 4
		Points Float 0.000000
		TeamIndex Int -1
		FormationType Int 0
		00000017 FleetAI
		{
			00000001 UPDATETIMER
			{
				StartTime Double 0
			}
			00000001 OFFSETTIMER
			{
				StartTime Double 0
			}
			OFFSETTIME Float 0.062500
			UPDATETIME Float 0.500000
			00000001 FORMATION
			{
				FORMATIONTYPE String 'None'
			}
			SHIPINFO - Size Int 0
			HOLDFIREACTIVE Bool False 
			AITYPE String 'AIFLEET'
		}
		FlagIndex Int 0
	}
	00000032 Player
	{
		Name String 'The Pirate Base'
		Color Colour( 0.000000, 0.000000, 0.000000, 0.000000 )
		IsPlayable Bool True
		Is Used In Game Bool False 
		Multiplayer Name String ''
		StartPoint Vector3( 1268.111572, -1169.203369, 0.000000 )
		StartPointForwardVector Vector3( 1.000000, 0.000000, 0.000000 )
		Race Int 4
		Points Float 0.000000
		TeamIndex Int -1
		FormationType Int 0
		00000017 FleetAI
		{
			00000001 UPDATETIMER
			{
				StartTime Double 0
			}
			00000001 OFFSETTIMER
			{
				StartTime Double 0
			}
			OFFSETTIME Float 0.062500
			UPDATETIME Float 0.500000
			00000001 FORMATION
			{
				FORMATIONTYPE String 'None'
			}
			SHIPINFO - Size Int 0
			HOLDFIREACTIVE Bool False 
			AITYPE String 'AIFLEET'
		}
		FlagIndex Int 0
	}
	00000032 Player
	{
		Name String 'Asteroids'
		Color Colour( 0.000000, 0.000000, 0.000000, 0.000000 )
		IsPlayable Bool False 
		Is Used In Game Bool False 
		Multiplayer Name String ''
		StartPoint Vector3( -766.847534, 1723.805176, 0.000000 )
		StartPointForwardVector Vector3( 0.451661, -0.892190, 0.000000 )
		Race Int 4
		Points Float 0.000000
		TeamIndex Int -1
		FormationType Int 0
		00000017 FleetAI
		{
			00000001 UPDATETIMER
			{
				StartTime Double 0
			}
			00000001 OFFSETTIMER
			{
				StartTime Double 0
			}
			OFFSETTIME Float 0.062500
			UPDATETIME Float 0.500000
			00000001 FORMATION
			{
				FORMATIONTYPE String 'None'
			}
			SHIPINFO - Size Int 0
			HOLDFIREACTIVE Bool False 
			AITYPE String 'AIFLEET'
		}
		FlagIndex Int 0
	}
	00000032 Player
	{
		Name String 'Terrain_Friendly_Islands'
		Color Colour( 0.000000, 0.000000, 0.000000, 0.000000 )
		IsPlayable Bool False 
		Is Used In Game Bool False 
		Multiplayer Name String ''
		StartPoint Vector3( -1014.953003, 874.795410, 0.000000 )
		StartPointForwardVector Vector3( 1.000000, 0.000000, 0.000000 )
		Race Int 4
		Points Float 0.000000
		TeamIndex Int -1
		FormationType Int 0
		00000017 FleetAI
		{
			00000001 UPDATETIMER
			{
				StartTime Double 0
			}
			00000001 OFFSETTIMER
			{
				StartTime Double 0
			}
			OFFSETTIME Float 0.062500
			UPDATETIME Float 0.500000
			00000001 FORMATION
			{
				FORMATIONTYPE String 'None'
			}
			SHIPINFO - Size Int 0
			HOLDFIREACTIVE Bool False 
			AITYPE String 'AIFLEET'
		}
		FlagIndex Int 0
	}
	00000032 Player
	{
		Name String 'Waystation Grant'
		Color Colour( 0.000000, 0.000000, 0.000000, 0.000000 )
		IsPlayable Bool False 
		Is Used In Game Bool False 
		Multiplayer Name String ''
		StartPoint Vector3( -1052.915894, 813.947754, 0.000000 )
		StartPointForwardVector Vector3( 1.000000, 0.000000, 0.000000 )
		Race Int 4
		Points Float 0.000000
		TeamIndex Int -1
		FormationType Int 0
		00000017 FleetAI
		{
			00000001 UPDATETIMER
			{
				StartTime Double 0
			}
			00000001 OFFSETTIMER
			{
				StartTime Double 0
			}
			OFFSETTIME Float 0.062500
			UPDATETIME Float 0.500000
			00000001 FORMATION
			{
				FORMATIONTYPE String 'None'
			}
			SHIPINFO - Size Int 0
			HOLDFIREACTIVE Bool False 
			AITYPE String 'AIFLEET'
		}
		FlagIndex Int 0
	}
	00000032 Player
	{
		Name String 'ishing Boats Being Fired On'
		Color Colour( 0.000000, 0.000000, 0.000000, 0.000000 )
		IsPlayable Bool False 
		Is Used In Game Bool False 
		Multiplayer Name String ''
		StartPoint Vector3( 1089.235107, 912.028809, 0.000000 )
		StartPointForwardVector Vector3( 1.000000, 0.000000, 0.000000 )
		Race Int 4
		Points Float 0.000000
		TeamIndex Int -1
		FormationType Int 0
		00000017 FleetAI
		{
			00000001 UPDATETIMER
			{
				StartTime Double 0
			}
			00000001 OFFSETTIMER
			{
				StartTime Double 0
			}
			OFFSETTIME Float 0.062500
			UPDATETIME Float 0.500000
			00000001 FORMATION
			{
				FORMATIONTYPE String 'None'
			}
			SHIPINFO - Size Int 0
			HOLDFIREACTIVE Bool False 
			AITYPE String 'AIFLEET'
		}
		FlagIndex Int 0
	}
	00000032 Player
	{
		Name String 'Fishing Boats Fishing'
		Color Colour( 1.000000, 1.000000, 1.000000, 1.000000 )
		IsPlayable Bool False 
		Is Used In Game Bool False 
		Multiplayer Name String ''
		StartPoint Vector3( 709.959839, 964.307861, 0.000031 )
		StartPointForwardVector Vector3( 1.000000, 0.000000, 0.000000 )
		Race Int 4
		Points Float 0.000000
		TeamIndex Int -1
		FormationType Int 0
		00000017 FleetAI
		{
			00000001 UPDATETIMER
			{
				StartTime Double 0
			}
			00000001 OFFSETTIMER
			{
				StartTime Double 0
			}
			OFFSETTIME Float 0.062500
			UPDATETIME Float 0.500000
			00000001 FORMATION
			{
				FORMATIONTYPE String 'None'
			}
			SHIPINFO - Size Int 0
			HOLDFIREACTIVE Bool False 
			AITYPE String 'AIFLEET'
		}
		FlagIndex Int 0
	}
	00000032 Player
	{
		Name String 'Civilian Fleet'
		Color Colour( 0.141176, 0.568627, 0.725490, 1.000000 )
		IsPlayable Bool False 
		Is Used In Game Bool False 
		Multiplayer Name String ''
		StartPoint Vector3( 1683.934692, 856.199890, 0.000000 )
		StartPointForwardVector Vector3( 1.000000, 0.000000, 0.000000 )
		Race Int 4
		Points Float 0.000000
		TeamIndex Int -1
		FormationType Int 0
		00000017 FleetAI
		{
			00000001 UPDATETIMER
			{
				StartTime Double 0
			}
			00000001 OFFSETTIMER
			{
				StartTime Double 0
			}
			OFFSETTIME Float 0.062500
			UPDATETIME Float 0.500000
			00000001 FORMATION
			{
				FORMATIONTYPE String 'None'
			}
			SHIPINFO - Size Int 0
			HOLDFIREACTIVE Bool False 
			AITYPE String 'AIFLEET'
		}
		FlagIndex Int 0
	}
	00000032 Player
	{
		Name String 'Tug And Boats'
		Color Colour( 0.066667, 0.266667, 0.733333, 1.000000 )
		IsPlayable Bool True
		Is Used In Game Bool False 
		Multiplayer Name String ''
		StartPoint Vector3( -379.837921, 1100.616211, 0.000000 )
		StartPointForwardVector Vector3( -0.871392, -0.490587, 0.000000 )
		Race Int 4
		Points Float 0.000000
		TeamIndex Int -1
		FormationType Int 0
		00000017 FleetAI
		{
			00000001 UPDATETIMER
			{
				StartTime Double 0
			}
			00000001 OFFSETTIMER
			{
				StartTime Double 0
			}
			OFFSETTIME Float 0.062500
			UPDATETIME Float 0.500000
			00000001 FORMATION
			{
				FORMATIONTYPE String 'None'
			}
			SHIPINFO - Size Int 0
			HOLDFIREACTIVE Bool False 
			AITYPE String 'AIFLEET'
		}
		FlagIndex Int 0
	}
	00000032 Player
	{
		Name String 'Pirate Ship Being Towed'
		Color Colour( 0.764706, 0.027451, 0.047059, 1.000000 )
		IsPlayable Bool True
		Is Used In Game Bool False 
		Multiplayer Name String ''
		StartPoint Vector3( -450.130951, 1024.302856, 0.000000 )
		StartPointForwardVector Vector3( -0.789382, -0.613902, 0.000000 )
		Race Int 4
		Points Float 0.000000
		TeamIndex Int -1
		FormationType Int 0
		00000017 FleetAI
		{
			00000001 UPDATETIMER
			{
				StartTime Double 0
			}
			00000001 OFFSETTIMER
			{
				StartTime Double 0
			}
			OFFSETTIME Float 0.062500
			UPDATETIME Float 0.500000
			00000001 FORMATION
			{
				FORMATIONTYPE String 'None'
			}
			SHIPINFO - Size Int 0
			HOLDFIREACTIVE Bool False 
			AITYPE String 'AIFLEET'
		}
		FlagIndex Int 0
	}
	NextID Int 266
	# World Object List
	WorldObjects Int 125
	ID Int 3
	Type String 'Base_Sloggoville'
	00000014 State
	{
		HasState Bool False 
		Position Vector3( 1478.160400, 754.173584, 0.000000 )
		Orientation Matrix33( -0.069764, 0.997564, 0.000000, -0.997564, -0.069764, 0.000000, 0.000000, 0.000000, 1.000000 )
		PlayerIndex Int -1
		# AIEntity
		Type String ''
		# RenderEntity
		Type String ''
		# PhysicsEntity
		Type String ''
		# CollisionEntity
		Type String ''
		# CustomInfoEntity
		Type String ''
	}
	ID Int 4
	Type String 'Island12'
	00000014 State
	{
		HasState Bool False 
		Position Vector3( 1411.042480, 1075.993530, 0.000244 )
		Orientation Matrix33( 0.970290, -0.241947, 0.000000, 0.241947, 0.970290, 0.000000, 0.000000, 0.000000, 1.000000 )
		PlayerIndex Int -1
		# AIEntity
		Type String ''
		# RenderEntity
		Type String ''
		# PhysicsEntity
		Type String ''
		# CollisionEntity
		Type String ''
		# CustomInfoEntity
		Type String ''
	}
	ID Int 5
	Type String 'Island09'
	00000014 State
	{
		HasState Bool False 
		Position Vector3( 1281.164063, 1119.595093, 0.000000 )
		Orientation Matrix33( 0.913550, -0.406727, 0.000000, 0.406727, 0.913550, 0.000000, 0.000000, 0.000000, 1.000000 )
		PlayerIndex Int -1
		# AIEntity
		Type String ''
		# RenderEntity
		Type String ''
		# PhysicsEntity
		Type String ''
		# CollisionEntity
		Type String ''
		# CustomInfoEntity
		Type String ''
	}
	ID Int 6
	Type String 'Island_Small01'
	00000014 State
	{
		HasState Bool False 
		Position Vector3( 1203.321289, 1231.861816, 0.000000 )
		Orientation Matrix33( 1.000000, 0.000000, 0.000000, 0.000000, 1.000000, 0.000000, 0.000000, 0.000000, 1.000000 )
		PlayerIndex Int -1
		# AIEntity
		Type String ''
		# RenderEntity
		Type String ''
		# PhysicsEntity
		Type String ''
		# CollisionEntity
		Type String ''
		# CustomInfoEntity
		Type String ''
	}
	ID Int 33
	Type String 'Island06'
	00000014 State
	{
		HasState Bool False 
		Position Vector3( 75.714088, -157.824341, 0.000000 )
		Orientation Matrix33( 0.694658, -0.719340, 0.000000, 0.719340, 0.694658, 0.000000, 0.000000, 0.000000, 1.000000 )
		PlayerIndex Int -1
		# AIEntity
		Type String ''
		# RenderEntity
		Type String ''
		# PhysicsEntity
		Type String ''
		# CollisionEntity
		Type String ''
		# CustomInfoEntity
		Type String ''
	}
	ID Int 35
	Type String 'Island01'
	00000014 State
	{
		HasState Bool False 
		Position Vector3( 1194.009644, -89.573593, 0.000000 )
		Orientation Matrix33( -0.342010, -0.939696, 0.000000, 0.939696, -0.342010, 0.000000, 0.000000, 0.000000, 1.000000 )
		PlayerIndex Int -1
		# AIEntity
		Type String ''
		# RenderEntity
		Type String ''
		# PhysicsEntity
		Type String ''
		# CollisionEntity
		Type String ''
		# CustomInfoEntity
		Type String ''
	}
	ID Int 36
	Type String 'Island04'
	00000014 State
	{
		HasState Bool False 
		Position Vector3( 1019.733032, -105.434998, 0.000000 )
		Orientation Matrix33( 0.681967, -0.731383, 0.000000, 0.731383, 0.681967, 0.000000, 0.000000, 0.000000, 1.000000 )
		PlayerIndex Int -1
		# AIEntity
		Type String ''
		# RenderEntity
		Type String ''
		# PhysicsEntity
		Type String ''
		# CollisionEntity
		Type String ''
		# CustomInfoEntity
		Type String ''
	}
	ID Int 37
	Type String 'Island05'
	00000014 State
	{
		HasState Bool False 
		Position Vector3( 1301.786255, -154.631409, 0.000000 )
		Orientation Matrix33( 0.920499, -0.390746, 0.000000, 0.390746, 0.920499, 0.000000, 0.000000, 0.000000, 1.000000 )
		PlayerIndex Int -1
		# AIEntity
		Type String ''
		# RenderEntity
		Type String ''
		# PhysicsEntity
		Type String ''
		# CollisionEntity
		Type String ''
		# CustomInfoEntity
		Type String ''
	}
	ID Int 38
	Type String 'Island10'
	00000014 State
	{
		HasState Bool False 
		Position Vector3( 1412.501831, -73.395874, 0.000244 )
		Orientation Matrix33( 0.615662, 0.788011, 0.000000, -0.788011, 0.615662, 0.000000, 0.000000, 0.000000, 1.000000 )
		PlayerIndex Int -1
		# AIEntity
		Type String ''
		# RenderEntity
		Type String ''
		# PhysicsEntity
		Type String ''
		# CollisionEntity
		Type String ''
		# CustomInfoEntity
		Type String ''
	}
	ID Int 39
	Type String 'Island14'
	00000014 State
	{
		HasState Bool False 
		Position Vector3( 1302.975342, -49.177479, 0.000000 )
		Orientation Matrix33( -0.190918, 0.981606, 0.000000, -0.981606, -0.190918, 0.000000, 0.000000, 0.000000, 1.000000 )
		PlayerIndex Int -1
		# AIEntity
		Type String ''
		# RenderEntity
		Type String ''
		# PhysicsEntity
		Type String ''
		# CollisionEntity
		Type String ''
		# CustomInfoEntity
		Type String ''
	}
	ID Int 40
	Type String 'Ship_Pirate_Sloop'
	00000014 State
	{
		HasState Bool False 
		Position Vector3( 1042.004150, -1006.262268, 0.000000 )
		Orientation Matrix33( 0.906307, -0.422620, 0.000000, 0.422620, 0.906307, 0.000000, 0.000000, 0.000000, 1.000000 )
		PlayerIndex Int 1
		# AIEntity
		Type String ''
		# RenderEntity
		Type String ''
		# PhysicsEntity
		Type String ''
		# CollisionEntity
		Type String ''
		# CustomInfoEntity
		Type String ''
	}
	ID Int 42
	Type String 'Ship_Navy_Cutter'
	00000014 State
	{
		HasState Bool False 
		Position Vector3( -669.606812, -1457.161377, 0.000000 )
		Orientation Matrix33( 0.190796, 0.981630, 0.000000, -0.981630, 0.190796, 0.000000, 0.000000, 0.000000, 1.000000 )
		PlayerIndex Int 2
		# AIEntity
		Type String ''
		# RenderEntity
		Type String ''
		# PhysicsEntity
		Type String ''
		# CollisionEntity
		Type String ''
		# CustomInfoEntity
		Type String ''
	}
	ID Int 43
	Type String 'Island09'
	00000014 State
	{
		HasState Bool False 
		Position Vector3( -140.988174, -297.992340, 0.000000 )
		Orientation Matrix33( -0.970299, -0.241911, 0.000000, 0.241911, -0.970299, 0.000000, 0.000000, 0.000000, 1.000000 )
		PlayerIndex Int -1
		# AIEntity
		Type String ''
		# RenderEntity
		Type String ''
		# PhysicsEntity
		Type String ''
		# CollisionEntity
		Type String ''
		# CustomInfoEntity
		Type String ''
	}
	ID Int 44
	Type String 'Island10'
	00000014 State
	{
		HasState Bool False 
		Position Vector3( -90.665031, -73.726837, 0.000000 )
		Orientation Matrix33( -0.499990, -0.866032, 0.000000, 0.866032, -0.499990, 0.000000, 0.000000, 0.000000, 1.000000 )
		PlayerIndex Int -1
		# AIEntity
		Type String ''
		# RenderEntity
		Type String ''
		# PhysicsEntity
		Type String ''
		# CollisionEntity
		Type String ''
		# CustomInfoEntity
		Type String ''
	}
	ID Int 45
	Type String 'Island14'
	00000014 State
	{
		HasState Bool False 
		Position Vector3( 55.470833, -77.134239, 0.000000 )
		Orientation Matrix33( -0.422620, -0.906307, 0.000000, 0.906307, -0.422620, 0.000000, 0.000000, 0.000000, 1.000000 )
		PlayerIndex Int -1
		# AIEntity
		Type String ''
		# RenderEntity
		Type String ''
		# PhysicsEntity
		Type String ''
		# CollisionEntity
		Type String ''
		# CustomInfoEntity
		Type String ''
	}
	ID Int 46
	Type String 'Island_Large01'
	00000014 State
	{
		HasState Bool False 
		Position Vector3( -29.034962, -203.002563, 0.000000 )
		Orientation Matrix33( 0.978147, -0.207913, 0.000000, 0.207913, 0.978147, 0.000000, 0.000000, 0.000000, 1.000000 )
		PlayerIndex Int -1
		# AIEntity
		Type String ''
		# RenderEntity
		Type String ''
		# PhysicsEntity
		Type String ''
		# CollisionEntity
		Type String ''
		# CustomInfoEntity
		Type String ''
	}
	ID Int 100
	Type String 'Terrain_Nebula'
	00000014 State
	{
		HasState Bool False 
		Position Vector3( 27.404663, 1586.818604, 0.000000 )
		Orientation Matrix33( 1.000000, 0.000000, 0.000000, 0.000000, 1.000000, 0.000000, 0.000000, 0.000000, 1.000000 )
		PlayerIndex Int -1
		# AIEntity
		Type String ''
		# RenderEntity
		Type String ''
		# PhysicsEntity
		Type String ''
		# CollisionEntity
		Type String ''
		# CustomInfoEntity
		Type String ''
	}
	ID Int 105
	Type String 'Ship_Procyon_ManOWar'
	00000014 State
	{
		HasState Bool False 
		Position Vector3( -1182.832031, -904.305054, 0.000000 )
		Orientation Matrix33( -0.994516, -0.104590, 0.000000, 0.104590, -0.994516, 0.000000, 0.000000, 0.000000, 1.000000 )
		PlayerIndex Int 5
		# AIEntity
		Type String ''
		# RenderEntity
		Type String ''
		# PhysicsEntity
		Type String ''
		# CollisionEntity
		Type String ''
		# CustomInfoEntity
		Type String ''
	}
	ID Int 107
	Type String 'Ship_Procyon_Frigate'
	00000014 State
	{
		HasState Bool False 
		Position Vector3( -1253.696777, -822.774841, 0.000000 )
		Orientation Matrix33( -0.984797, -0.173709, 0.000000, 0.173709, -0.984797, 0.000000, 0.000000, 0.000000, 1.000000 )
		PlayerIndex Int 5
		# AIEntity
		Type String ''
		# RenderEntity
		Type String ''
		# PhysicsEntity
		Type String ''
		# CollisionEntity
		Type String ''
		# CustomInfoEntity
		Type String ''
	}
	ID Int 108
	Type String 'Ship_Procyon_Cutter'
	00000014 State
	{
		HasState Bool False 
		Position Vector3( -1240.560547, -688.295593, 0.000000 )
		Orientation Matrix33( -0.984798, -0.173703, 0.000000, 0.173703, -0.984798, 0.000000, 0.000000, 0.000000, 1.000000 )
		PlayerIndex Int 5
		# AIEntity
		Type String ''
		# RenderEntity
		Type String ''
		# PhysicsEntity
		Type String ''
		# CollisionEntity
		Type String ''
		# CustomInfoEntity
		Type String ''
	}
	ID Int 109
	Type String 'Ship_Procyon_ManOWar'
	00000014 State
	{
		HasState Bool False 
		Position Vector3( -1278.913818, -914.097046, 0.000000 )
		Orientation Matrix33( -0.997560, -0.069818, 0.000000, 0.069818, -0.997560, 0.000000, 0.000000, 0.000000, 1.000000 )
		PlayerIndex Int 5
		# AIEntity
		Type String ''
		# RenderEntity
		Type String ''
		# PhysicsEntity
		Type String ''
		# CollisionEntity
		Type String ''
		# CustomInfoEntity
		Type String ''
	}
	ID Int 110
	Type String 'Ship_Procyon_Frigate'
	00000014 State
	{
		HasState Bool False 
		Position Vector3( -1163.625488, -1053.529419, 0.000000 )
		Orientation Matrix33( -0.984797, -0.173708, 0.000000, 0.173708, -0.984797, 0.000000, 0.000000, 0.000000, 1.000000 )
		PlayerIndex Int 5
		# AIEntity
		Type String ''
		# RenderEntity
		Type String ''
		# PhysicsEntity
		Type String ''
		# CollisionEntity
		Type String ''
		# CustomInfoEntity
		Type String ''
	}
	ID Int 111
	Type String 'Ship_Procyon_Frigate'
	00000014 State
	{
		HasState Bool False 
		Position Vector3( -1248.189209, -1071.220337, 0.000000 )
		Orientation Matrix33( -0.984797, -0.173708, 0.000000, 0.173708, -0.984797, 0.000000, 0.000000, 0.000000, 1.000000 )
		PlayerIndex Int 5
		# AIEntity
		Type String ''
		# RenderEntity
		Type String ''
		# PhysicsEntity
		Type String ''
		# CollisionEntity
		Type String ''
		# CustomInfoEntity
		Type String ''
	}
	ID Int 112
	Type String 'Ship_Procyon_Cutter'
	00000014 State
	{
		HasState Bool False 
		Position Vector3( -1307.602783, -699.155945, 0.000000 )
		Orientation Matrix33( -0.984798, -0.173703, 0.000000, 0.173703, -0.984798, 0.000000, 0.000000, 0.000000, 1.000000 )
		PlayerIndex Int 5
		# AIEntity
		Type String ''
		# RenderEntity
		Type String ''
		# PhysicsEntity
		Type String ''
		# CollisionEntity
		Type String ''
		# CustomInfoEntity
		Type String ''
	}
	ID Int 114
	Type String 'Ship_Procyon_Sloop'
	00000014 State
	{
		HasState Bool False 
		Position Vector3( -1193.869385, -1125.676270, 0.000000 )
		Orientation Matrix33( -0.984797, -0.173707, 0.000000, 0.173707, -0.984797, 0.000000, 0.000000, 0.000000, 1.000000 )
		PlayerIndex Int 5
		# AIEntity
		Type String ''
		# RenderEntity
		Type String ''
		# PhysicsEntity
		Type String ''
		# CollisionEntity
		Type String ''
		# CustomInfoEntity
		Type String ''
	}
	ID Int 115
	Type String 'Ship_Procyon_Sloop'
	00000014 State
	{
		HasState Bool False 
		Position Vector3( -1314.789429, -769.289368, 0.000122 )
		Orientation Matrix33( -0.984797, -0.173709, 0.000000, 0.173709, -0.984797, 0.000000, 0.000000, 0.000000, 1.000000 )
		PlayerIndex Int 5
		# AIEntity
		Type String ''
		# RenderEntity
		Type String ''
		# PhysicsEntity
		Type String ''
		# CollisionEntity
		Type String ''
		# CustomInfoEntity
		Type String ''
	}
	ID Int 116
	Type String 'Ship_Procyon_Sloop'
	00000014 State
	{
		HasState Bool False 
		Position Vector3( -1205.601563, -748.394226, 0.000000 )
		Orientation Matrix33( -0.984797, -0.173709, 0.000000, 0.173709, -0.984797, 0.000000, 0.000000, 0.000000, 1.000000 )
		PlayerIndex Int 5
		# AIEntity
		Type String ''
		# RenderEntity
		Type String ''
		# PhysicsEntity
		Type String ''
		# CollisionEntity
		Type String ''
		# CustomInfoEntity
		Type String ''
	}
	ID Int 117
	Type String 'Ship_Procyon_Gunboat'
	00000014 State
	{
		HasState Bool False 
		Position Vector3( -1248.770386, -989.712158, 0.000000 )
		Orientation Matrix33( -0.984797, -0.173708, 0.000000, 0.173708, -0.984797, 0.000000, 0.000000, 0.000000, 1.000000 )
		PlayerIndex Int 5
		# AIEntity
		Type String ''
		# RenderEntity
		Type String ''
		# PhysicsEntity
		Type String ''
		# CollisionEntity
		Type String ''
		# CustomInfoEntity
		Type String ''
	}
	ID Int 119
	Type String 'Ship_Procyon_Gunboat'
	00000014 State
	{
		HasState Bool False 
		Position Vector3( -1198.501831, -983.592712, -0.000061 )
		Orientation Matrix33( -0.984797, -0.173707, 0.000000, 0.173707, -0.984797, 0.000000, 0.000000, 0.000000, 1.000000 )
		PlayerIndex Int 5
		# AIEntity
		Type String ''
		# RenderEntity
		Type String ''
		# PhysicsEntity
		Type String ''
		# CollisionEntity
		Type String ''
		# CustomInfoEntity
		Type String ''
	}
	ID Int 120
	Type String 'Ship_Pirate_Silver'
	00000014 State
	{
		HasState Bool False 
		Position Vector3( -1293.038574, -471.858185, 0.000000 )
		Orientation Matrix33( -0.898783, 0.438394, 0.000000, -0.438394, -0.898783, 0.000000, 0.000000, 0.000000, 1.000000 )
		PlayerIndex Int 4
		# AIEntity
		Type String ''
		# RenderEntity
		Type String ''
		# PhysicsEntity
		Type String ''
		# CollisionEntity
		Type String ''
		# CustomInfoEntity
		Type String ''
	}
	ID Int 121
	Type String 'Asteroid_Huge'
	00000014 State
	{
		HasState Bool False 
		Position Vector3( -630.914551, 1838.507324, 12.000000 )
		Orientation Matrix33( 0.906308, -0.422618, 0.000000, 0.422618, 0.906308, 0.000000, 0.000000, 0.000000, 1.000000 )
		PlayerIndex Int -1
		# AIEntity
		Type String ''
		# RenderEntity
		Type String ''
		# PhysicsEntity
		Type String ''
		# CollisionEntity
		Type String ''
		# CustomInfoEntity
		Type String ''
	}
	ID Int 122
	Type String 'Asteroid_Huge'
	00000014 State
	{
		HasState Bool False 
		Position Vector3( -559.260803, 1625.966919, 24.000000 )
		Orientation Matrix33( 0.754710, -0.656059, 0.000000, 0.656059, 0.754710, 0.000000, 0.000000, 0.000000, 1.000000 )
		PlayerIndex Int -1
		# AIEntity
		Type String ''
		# RenderEntity
		Type String ''
		# PhysicsEntity
		Type String ''
		# CollisionEntity
		Type String ''
		# CustomInfoEntity
		Type String ''
	}
	ID Int 123
	Type String 'Asteroid_Huge'
	00000014 State
	{
		HasState Bool False 
		Position Vector3( -475.893219, 1475.197632, -8.000000 )
		Orientation Matrix33( 0.493842, -0.018292, 0.869359, 0.178926, 0.980522, -0.081009, -0.850944, 0.195557, 0.487496 )
		PlayerIndex Int -1
		# AIEntity
		Type String ''
		# RenderEntity
		Type String ''
		# PhysicsEntity
		Type String ''
		# CollisionEntity
		Type String ''
		# CustomInfoEntity
		Type String ''
	}
	ID Int 124
	Type String 'Asteroid_Huge'
	00000014 State
	{
		HasState Bool False 
		Position Vector3( -68.073776, 1280.066040, 7.491287 )
		Orientation Matrix33( 0.993703, 0.092560, -0.063156, -0.111213, 0.883594, -0.454854, 0.013703, 0.459014, 0.888324 )
		PlayerIndex Int -1
		# AIEntity
		Type String ''
		# RenderEntity
		Type String ''
		# PhysicsEntity
		Type String ''
		# CollisionEntity
		Type String ''
		# CustomInfoEntity
		Type String ''
	}
	ID Int 125
	Type String 'Asteroid_Huge'
	00000014 State
	{
		HasState Bool False 
		Position Vector3( 210.242447, 1317.847046, 32.000000 )
		Orientation Matrix33( 1.000000, 0.000000, 0.000000, 0.000000, 1.000000, 0.000000, 0.000000, 0.000000, 1.000000 )
		PlayerIndex Int -1
		# AIEntity
		Type String ''
		# RenderEntity
		Type String ''
		# PhysicsEntity
		Type String ''
		# CollisionEntity
		Type String ''
		# CustomInfoEntity
		Type String ''
	}
	ID Int 126
	Type String 'Asteroid_Huge'
	00000014 State
	{
		HasState Bool False 
		Position Vector3( 504.968475, 1474.451172, -2.000000 )
		Orientation Matrix33( 0.927184, 0.374607, 0.000000, -0.374607, 0.927184, 0.000000, 0.000000, 0.000000, 1.000000 )
		PlayerIndex Int -1
		# AIEntity
		Type String ''
		# RenderEntity
		Type String ''
		# PhysicsEntity
		Type String ''
		# CollisionEntity
		Type String ''
		# CustomInfoEntity
		Type String ''
	}
	ID Int 127
	Type String 'Asteroid_Huge'
	00000014 State
	{
		HasState Bool False 
		Position Vector3( 612.591492, 1615.592896, 10.000000 )
		Orientation Matrix33( 0.819152, 0.573576, 0.000000, -0.573576, 0.819152, 0.000000, 0.000000, 0.000000, 1.000000 )
		PlayerIndex Int -1
		# AIEntity
		Type String ''
		# RenderEntity
		Type String ''
		# PhysicsEntity
		Type String ''
		# CollisionEntity
		Type String ''
		# CustomInfoEntity
		Type String ''
	}
	ID Int 129
	Type String 'Asteroid_Large'
	00000014 State
	{
		HasState Bool False 
		Position Vector3( 678.362427, 1882.255005, 11.000244 )
		Orientation Matrix33( 0.939693, 0.342020, 0.000000, -0.342020, 0.939693, 0.000000, 0.000000, 0.000000, 1.000000 )
		PlayerIndex Int -1
		# AIEntity
		Type String ''
		# RenderEntity
		Type String ''
		# PhysicsEntity
		Type String ''
		# CollisionEntity
		Type String ''
		# CustomInfoEntity
		Type String ''
	}
	ID Int 132
	Type String 'Asteroid_Large'
	00000014 State
	{
		HasState Bool False 
		Position Vector3( -625.788513, 1766.745361, 20.000000 )
		Orientation Matrix33( 0.754710, -0.656059, 0.000000, 0.656059, 0.754710, 0.000000, 0.000000, 0.000000, 1.000000 )
		PlayerIndex Int -1
		# AIEntity
		Type String ''
		# RenderEntity
		Type String ''
		# PhysicsEntity
		Type String ''
		# CollisionEntity
		Type String ''
		# CustomInfoEntity
		Type String ''
	}
	ID Int 133
	Type String 'Asteroid_Large'
	00000014 State
	{
		HasState Bool False 
		Position Vector3( -426.234741, 1454.380005, 22.000000 )
		Orientation Matrix33( 0.913546, -0.406737, 0.000000, 0.406737, 0.913546, 0.000000, 0.000000, 0.000000, 1.000000 )
		PlayerIndex Int -1
		# AIEntity
		Type String ''
		# RenderEntity
		Type String ''
		# PhysicsEntity
		Type String ''
		# CollisionEntity
		Type String ''
		# CustomInfoEntity
		Type String ''
	}
	ID Int 138
	Type String 'Asteroid_Med'
	00000014 State
	{
		HasState Bool False 
		Position Vector3( -414.496490, 1410.629395, -11.000122 )
		Orientation Matrix33( 0.913546, -0.406737, 0.000000, 0.406737, 0.913546, 0.000000, 0.000000, 0.000000, 1.000000 )
		PlayerIndex Int -1
		# AIEntity
		Type String ''
		# RenderEntity
		Type String ''
		# PhysicsEntity
		Type String ''
		# CollisionEntity
		Type String ''
		# CustomInfoEntity
		Type String ''
	}
	ID Int 140
	Type String 'Asteroid_Huge'
	00000014 State
	{
		HasState Bool False 
		Position Vector3( -372.045990, 1370.656738, -12.000000 )
		Orientation Matrix33( 0.913546, -0.406737, 0.000000, 0.406737, 0.913546, 0.000000, 0.000000, 0.000000, 1.000000 )
		PlayerIndex Int -1
		# AIEntity
		Type String ''
		# RenderEntity
		Type String ''
		# PhysicsEntity
		Type String ''
		# CollisionEntity
		Type String ''
		# CustomInfoEntity
		Type String ''
	}
	ID Int 141
	Type String 'Asteroid_Huge'
	00000014 State
	{
		HasState Bool False 
		Position Vector3( 406.176605, 1364.231323, 11.000000 )
		Orientation Matrix33( 0.927184, 0.374607, 0.000000, -0.374607, 0.927184, 0.000000, 0.000000, 0.000000, 1.000000 )
		PlayerIndex Int -1
		# AIEntity
		Type String ''
		# RenderEntity
		Type String ''
		# PhysicsEntity
		Type String ''
		# CollisionEntity
		Type String ''
		# CustomInfoEntity
		Type String ''
	}
	ID Int 142
	Type String 'Asteroid_Huge'
	00000014 State
	{
		HasState Bool False 
		Position Vector3( -241.712296, 1337.945801, 8.000000 )
		Orientation Matrix33( 0.970296, -0.241922, 0.000000, 0.241922, 0.970296, 0.000000, 0.000000, 0.000000, 1.000000 )
		PlayerIndex Int -1
		# AIEntity
		Type String ''
		# RenderEntity
		Type String ''
		# PhysicsEntity
		Type String ''
		# CollisionEntity
		Type String ''
		# CustomInfoEntity
		Type String ''
	}
	ID Int 143
	Type String 'Asteroid_Huge'
	00000014 State
	{
		HasState Bool False 
		Position Vector3( 677.325134, 1815.651123, -14.999756 )
		Orientation Matrix33( 0.939693, 0.342020, 0.000000, -0.342020, 0.939693, 0.000000, 0.000000, 0.000000, 1.000000 )
		PlayerIndex Int -1
		# AIEntity
		Type String ''
		# RenderEntity
		Type String ''
		# PhysicsEntity
		Type String ''
		# CollisionEntity
		Type String ''
		# CustomInfoEntity
		Type String ''
	}
	ID Int 145
	Type String 'Asteroid_Large'
	00000014 State
	{
		HasState Bool False 
		Position Vector3( -309.558289, 1368.896851, 18.000244 )
		Orientation Matrix33( 0.913546, -0.406737, 0.000000, 0.406737, 0.913546, 0.000000, 0.000000, 0.000000, 1.000000 )
		PlayerIndex Int -1
		# AIEntity
		Type String ''
		# RenderEntity
		Type String ''
		# PhysicsEntity
		Type String ''
		# CollisionEntity
		Type String ''
		# CustomInfoEntity
		Type String ''
	}
	ID Int 146
	Type String 'Asteroid_Large'
	00000014 State
	{
		HasState Bool False 
		Position Vector3( -161.183578, 1290.064575, -19.000000 )
		Orientation Matrix33( 0.970296, -0.241922, 0.000000, 0.241922, 0.970296, 0.000000, 0.000000, 0.000000, 1.000000 )
		PlayerIndex Int -1
		# AIEntity
		Type String ''
		# RenderEntity
		Type String ''
		# PhysicsEntity
		Type String ''
		# CollisionEntity
		Type String ''
		# CustomInfoEntity
		Type String ''
	}
	ID Int 147
	Type String 'Asteroid_Large'
	00000014 State
	{
		HasState Bool False 
		Position Vector3( 11.052391, 1272.247314, -7.000000 )
		Orientation Matrix33( 1.000000, 0.000000, 0.000000, 0.000000, 1.000000, 0.000000, 0.000000, 0.000000, 1.000000 )
		PlayerIndex Int -1
		# AIEntity
		Type String ''
		# RenderEntity
		Type String ''
		# PhysicsEntity
		Type String ''
		# CollisionEntity
		Type String ''
		# CustomInfoEntity
		Type String ''
	}
	ID Int 148
	Type String 'Asteroid_Large'
	00000014 State
	{
		HasState Bool False 
		Position Vector3( 85.511177, 1294.857788, 14.000000 )
		Orientation Matrix33( 1.000000, 0.000000, 0.000000, 0.000000, 1.000000, 0.000000, 0.000000, 0.000000, 1.000000 )
		PlayerIndex Int -1
		# AIEntity
		Type String ''
		# RenderEntity
		Type String ''
		# PhysicsEntity
		Type String ''
		# CollisionEntity
		Type String ''
		# CustomInfoEntity
		Type String ''
	}
	ID Int 150
	Type String 'Asteroid_Large'
	00000014 State
	{
		HasState Bool False 
		Position Vector3( 284.871979, 1340.587158, 18.000000 )
		Orientation Matrix33( 1.000000, 0.000000, 0.000000, 0.000000, 1.000000, 0.000000, 0.000000, 0.000000, 1.000000 )
		PlayerIndex Int -1
		# AIEntity
		Type String ''
		# RenderEntity
		Type String ''
		# PhysicsEntity
		Type String ''
		# CollisionEntity
		Type String ''
		# CustomInfoEntity
		Type String ''
	}
	ID Int 151
	Type String 'Asteroid_Large'
	00000014 State
	{
		HasState Bool False 
		Position Vector3( 578.999512, 1548.033813, 7.000000 )
		Orientation Matrix33( 0.819152, 0.573576, 0.000000, -0.573576, 0.819152, 0.000000, 0.000000, 0.000000, 1.000000 )
		PlayerIndex Int -1
		# AIEntity
		Type String ''
		# RenderEntity
		Type String ''
		# PhysicsEntity
		Type String ''
		# CollisionEntity
		Type String ''
		# CustomInfoEntity
		Type String ''
	}
	ID Int 152
	Type String 'Asteroid_Large'
	00000014 State
	{
		HasState Bool False 
		Position Vector3( 452.706085, 1414.605957, -7.999756 )
		Orientation Matrix33( 0.927184, 0.374607, 0.000000, -0.374607, 0.927184, 0.000000, 0.000000, 0.000000, 1.000000 )
		PlayerIndex Int -1
		# AIEntity
		Type String ''
		# RenderEntity
		Type String ''
		# PhysicsEntity
		Type String ''
		# CollisionEntity
		Type String ''
		# CustomInfoEntity
		Type String ''
	}
	ID Int 153
	Type String 'Asteroid_Large'
	00000014 State
	{
		HasState Bool False 
		Position Vector3( 145.834427, 1306.109009, 17.000000 )
		Orientation Matrix33( 1.000000, 0.000000, 0.000000, 0.000000, 1.000000, 0.000000, 0.000000, 0.000000, 1.000000 )
		PlayerIndex Int -1
		# AIEntity
		Type String ''
		# RenderEntity
		Type String ''
		# PhysicsEntity
		Type String ''
		# CollisionEntity
		Type String ''
		# CustomInfoEntity
		Type String ''
	}
	ID Int 154
	Type String 'Asteroid_Med'
	00000014 State
	{
		HasState Bool False 
		Position Vector3( 165.211426, 1302.989136, 0.000000 )
		Orientation Matrix33( 1.000000, 0.000000, 0.000000, 0.000000, 1.000000, 0.000000, 0.000000, 0.000000, 1.000000 )
		PlayerIndex Int -1
		# AIEntity
		Type String ''
		# RenderEntity
		Type String ''
		# PhysicsEntity
		Type String ''
		# CollisionEntity
		Type String ''
		# CustomInfoEntity
		Type String ''
	}
	ID Int 160
	Type String 'Asteroid_Med'
	00000014 State
	{
		HasState Bool False 
		Position Vector3( 557.880981, 1508.744507, 12.000061 )
		Orientation Matrix33( 0.927184, 0.374607, 0.000000, -0.374607, 0.927184, 0.000000, 0.000000, 0.000000, 1.000000 )
		PlayerIndex Int -1
		# AIEntity
		Type String ''
		# RenderEntity
		Type String ''
		# PhysicsEntity
		Type String ''
		# CollisionEntity
		Type String ''
		# CustomInfoEntity
		Type String ''
	}
	ID Int 163
	Type String 'Asteroid_Med'
	00000014 State
	{
		HasState Bool False 
		Position Vector3( 661.201843, 1765.490845, 9.999939 )
		Orientation Matrix33( 0.939693, 0.342020, 0.000000, -0.342020, 0.939693, 0.000000, 0.000000, 0.000000, 1.000000 )
		PlayerIndex Int -1
		# AIEntity
		Type String ''
		# RenderEntity
		Type String ''
		# PhysicsEntity
		Type String ''
		# CollisionEntity
		Type String ''
		# CustomInfoEntity
		Type String ''
	}
	ID Int 164
	Type String 'Asteroid_Large'
	00000014 State
	{
		HasState Bool False 
		Position Vector3( 638.400879, 1699.476685, 17.000000 )
		Orientation Matrix33( 0.559193, 0.829038, 0.000000, -0.829038, 0.559193, 0.000000, 0.000000, 0.000000, 1.000000 )
		PlayerIndex Int -1
		# AIEntity
		Type String ''
		# RenderEntity
		Type String ''
		# PhysicsEntity
		Type String ''
		# CollisionEntity
		Type String ''
		# CustomInfoEntity
		Type String ''
	}
	ID Int 165
	Type String 'Asteroid_Large'
	00000014 State
	{
		HasState Bool False 
		Position Vector3( -595.893433, 1676.460205, -11.000000 )
		Orientation Matrix33( 0.754710, -0.656059, 0.000000, 0.656059, 0.754710, 0.000000, 0.000000, 0.000000, 1.000000 )
		PlayerIndex Int -1
		# AIEntity
