# (c) BaRkiNg DOG studios 2002
00000020 WorldInfo
{
	IsMultiplayerMap Bool True
	MustAssembleFleet Bool False 
	World Description String 'IDGS_TPWORLDDESCRIPTION_SAMPLE'
	WorldNameID String 'IDGS_TPWORLDNAMES_TUTORIAL'
	Object Count Int 41
	Team List - Size Int 0
	Number of Players Int 4
	PlayerInfo - Player Name String 'Target Barge'
	PlayerInfo - TeamIndex Int -1
	PlayerInfo - Player Name String 'All Navy Ships'
	PlayerInfo - TeamIndex Int -1
	PlayerInfo - Player Name String ' RLS Starburst'
	PlayerInfo - TeamIndex Int -1
	PlayerInfo - Player Name String 'Fast Frigates'
	PlayerInfo - TeamIndex Int -1
	IsCampaign Bool True
	Use Custom World Name Bool False 
	Custom World Name String ''
	Use Custom World Description Bool False 
	Custom World Description String ''
}
00000008 Game
{
	00000002 Time
	{
		Game Tick Int 0
		Game Time Double 0
	}
	Frame Int -1
	Paused Bool False 
	ActivePlayerIndex Int -1
}
00008441 World
{
	WorldName String 'Tutorial'
	Random Seed Int -1995376189
	World Size - Min Vector3( -2625.000000, -2625.000000, -1500.000000 )
	World Size - Max Vector3( 2625.000000, 2625.000000, 1500.000000 )
	# Player List
	PlayerList Int 9
	00000032 Player
	{
		Name String 'PlayerStart'
		Color Colour( 0.023529, 0.317647, 0.992157, 1.000000 )
		IsPlayable Bool False 
		Is Used In Game Bool False 
		Multiplayer Name String ''
		StartPoint Vector3( -1112.102783, -1184.613892, 0.000000 )
		StartPointForwardVector Vector3( 1.000000, 0.000000, 0.000000 )
		Race Int 4
		Points Float 0.000000
		TeamIndex Int -1
		FormationType Int 0
		00000017 FleetAI
		{
			00000001 UPDATETIMER
			{
				StartTime Double 0
			}
			00000001 OFFSETTIMER
			{
				StartTime Double 0
			}
			OFFSETTIME Float 0.062500
			UPDATETIME Float 0.500000
			00000001 FORMATION
			{
				FORMATIONTYPE String 'None'
			}
			SHIPINFO - Size Int 0
			HOLDFIREACTIVE Bool False 
			AITYPE String 'AIFLEET'
		}
		FlagIndex Int 0
	}
	00000032 Player
	{
		Name String 'Target Barge'
		Color Colour( 0.141176, 0.568627, 0.725490, 1.000000 )
		IsPlayable Bool True
		Is Used In Game Bool False 
		Multiplayer Name String ''
		StartPoint Vector3( -64.029861, -146.964783, 0.000000 )
		StartPointForwardVector Vector3( 1.000000, 0.000000, 0.000000 )
		Race Int 4
		Points Float 0.000000
		TeamIndex Int -1
		FormationType Int 0
		00000017 FleetAI
		{
			00000001 UPDATETIMER
			{
				StartTime Double 0
			}
			00000001 OFFSETTIMER
			{
				StartTime Double 0
			}
			OFFSETTIME Float 0.062500
			UPDATETIME Float 0.500000
			00000001 FORMATION
			{
				FORMATIONTYPE String 'None'
			}
			SHIPINFO - Size Int 0
			HOLDFIREACTIVE Bool False 
			AITYPE String 'AIFLEET'
		}
		FlagIndex Int 0
	}
	00000032 Player
	{
		Name String 'All Navy Ships'
		Color Colour( 0.066667, 0.266667, 0.733333, 1.000000 )
		IsPlayable Bool True
		Is Used In Game Bool False 
		Multiplayer Name String ''
		StartPoint Vector3( 1123.423340, 55.912842, 0.000000 )
		StartPointForwardVector Vector3( 1.000000, 0.000000, 0.000000 )
		Race Int 4
		Points Float 0.000000
		TeamIndex Int -1
		FormationType Int 0
		00000017 FleetAI
		{
			00000001 UPDATETIMER
			{
				StartTime Double 0
			}
			00000001 OFFSETTIMER
			{
				StartTime Double 0
			}
			OFFSETTIME Float 0.062500
			UPDATETIME Float 0.500000
			00000001 FORMATION
			{
				FORMATIONTYPE String 'None'
			}
			SHIPINFO - Size Int 0
			HOLDFIREACTIVE Bool False 
			AITYPE String 'AIFLEET'
		}
		FlagIndex Int 0
	}
	00000032 Player
	{
		Name String ' RLS Starburst'
		Color Colour( 0.066667, 0.266667, 0.733333, 1.000000 )
		IsPlayable Bool True
		Is Used In Game Bool False 
		Multiplayer Name String ''
		StartPoint Vector3( -279.504395, -388.075928, 0.000000 )
		StartPointForwardVector Vector3( 1.000000, 0.000000, 0.000000 )
		Race Int 4
		Points Float 0.000000
		TeamIndex Int -1
		FormationType Int 0
		00000017 FleetAI
		{
			00000001 UPDATETIMER
			{
				StartTime Double 0
			}
			00000001 OFFSETTIMER
			{
				StartTime Double 0
			}
			OFFSETTIME Float 0.062500
			UPDATETIME Float 0.500000
			00000001 FORMATION
			{
				FORMATIONTYPE String 'None'
			}
			SHIPINFO - Size Int 0
			HOLDFIREACTIVE Bool False 
			AITYPE String 'AIFLEET'
		}
		FlagIndex Int 0
	}
	00000032 Player
	{
		Name String 'Tug & Barge'
		Color Colour( 0.066667, 0.266667, 0.733333, 1.000000 )
		IsPlayable Bool False 
		Is Used In Game Bool False 
		Multiplayer Name String ''
		StartPoint Vector3( -688.169983, -1031.797607, 0.000008 )
		StartPointForwardVector Vector3( 1.000000, 0.000000, 0.000000 )
		Race Int 4
		Points Float 0.000000
		TeamIndex Int -1
		FormationType Int 0
		00000017 FleetAI
		{
			00000001 UPDATETIMER
			{
				StartTime Double 0
			}
			00000001 OFFSETTIMER
			{
				StartTime Double 0
			}
			OFFSETTIME Float 0.062500
			UPDATETIME Float 0.500000
			00000001 FORMATION
			{
				FORMATIONTYPE String 'None'
			}
			SHIPINFO - Size Int 0
			HOLDFIREACTIVE Bool False 
			AITYPE String 'AIFLEET'
		}
		FlagIndex Int 0
	}
	00000032 Player
	{
		Name String 'Man-O-War Leaving Ivy'
		Color Colour( 0.066667, 0.266667, 0.733333, 1.000000 )
		IsPlayable Bool False 
		Is Used In Game Bool False 
		Multiplayer Name String ''
		StartPoint Vector3( 993.834839, 1294.467529, 0.000000 )
		StartPointForwardVector Vector3( 1.000000, 0.000000, 0.000000 )
		Race Int 4
		Points Float 0.000000
		TeamIndex Int -1
		FormationType Int 0
		00000017 FleetAI
		{
			00000001 UPDATETIMER
			{
				StartTime Double 0
			}
			00000001 OFFSETTIMER
			{
				StartTime Double 0
			}
			OFFSETTIME Float 0.062500
			UPDATETIME Float 0.500000
			00000001 FORMATION
			{
				FORMATIONTYPE String 'None'
			}
			SHIPINFO - Size Int 0
			HOLDFIREACTIVE Bool False 
			AITYPE String 'AIFLEET'
		}
		FlagIndex Int 0
	}
	00000032 Player
	{
		Name String 'Torpedo Boats Leaving Ivy'
		Color Colour( 0.066667, 0.266667, 0.733333, 1.000000 )
		IsPlayable Bool False 
		Is Used In Game Bool False 
		Multiplayer Name String ''
		StartPoint Vector3( 1376.376953, 1243.910034, 0.000031 )
		StartPointForwardVector Vector3( 1.000000, 0.000000, 0.000000 )
		Race Int 4
		Points Float 0.000000
		TeamIndex Int -1
		FormationType Int 0
		00000017 FleetAI
		{
			00000001 UPDATETIMER
			{
				StartTime Double 0
			}
			00000001 OFFSETTIMER
			{
				StartTime Double 0
			}
			OFFSETTIME Float 0.062500
			UPDATETIME Float 0.500000
			00000001 FORMATION
			{
				FORMATIONTYPE String 'None'
			}
			SHIPINFO - Size Int 0
			HOLDFIREACTIVE Bool False 
			AITYPE String 'AIFLEET'
		}
		FlagIndex Int 0
	}
	00000032 Player
	{
		Name String 'Port Ivy'
		Color Colour( 1.000000, 1.000000, 1.000000, 1.000000 )
		IsPlayable Bool False 
		Is Used In Game Bool False 
		Multiplayer Name String ''
		StartPoint Vector3( 1416.698730, 1710.701294, 0.000000 )
		StartPointForwardVector Vector3( 1.000000, 0.000000, 0.000000 )
		Race Int 4
		Points Float 0.000000
		TeamIndex Int -1
		FormationType Int 0
		00000017 FleetAI
		{
			00000001 UPDATETIMER
			{
				StartTime Double 0
			}
			00000001 OFFSETTIMER
			{
				StartTime Double 0
			}
			OFFSETTIME Float 0.062500
			UPDATETIME Float 0.500000
			00000001 FORMATION
			{
				FORMATIONTYPE String 'None'
			}
			SHIPINFO - Size Int 0
			HOLDFIREACTIVE Bool False 
			AITYPE String 'AIFLEET'
		}
		FlagIndex Int 0
	}
	00000032 Player
	{
		Name String 'Fast Frigates'
		Color Colour( 0.066667, 0.266667, 0.729412, 1.000000 )
		IsPlayable Bool True
		Is Used In Game Bool False 
		Multiplayer Name String ''
		StartPoint Vector3( 915.113403, 696.587952, 0.000000 )
		StartPointForwardVector Vector3( 0.432535, -0.901617, 0.000000 )
		Race Int 4
		Points Float 0.000000
		TeamIndex Int -1
		FormationType Int 0
		00000017 FleetAI
		{
			00000001 UPDATETIMER
			{
				StartTime Double 0
			}
			00000001 OFFSETTIMER
			{
				StartTime Double 0
			}
			OFFSETTIME Float 0.062500
			UPDATETIME Float 0.500000
			00000001 FORMATION
			{
				FORMATIONTYPE String 'None'
			}
			SHIPINFO - Size Int 0
			HOLDFIREACTIVE Bool False 
			AITYPE String 'AIFLEET'
		}
		FlagIndex Int 0
	}
	NextID Int 141
	# World Object List
	WorldObjects Int 41
	ID Int 80
	Type String 'Island_Mega_01'
	00000014 State
	{
		HasState Bool False 
		Position Vector3( -775.062439, -162.389679, 57.000000 )
		Orientation Matrix33( 0.342020, -0.939694, 0.000000, 0.939694, 0.342020, 0.000000, 0.000000, 0.000000, 1.000000 )
		PlayerIndex Int -1
		# AIEntity
		Type String ''
		# RenderEntity
		Type String ''
		# PhysicsEntity
		Type String ''
		# CollisionEntity
		Type String ''
		# CustomInfoEntity
		Type String ''
	}
	ID Int 84
	Type String 'Island_Lighthouse'
	00000014 State
	{
		HasState Bool False 
		Position Vector3( -708.954041, -941.804138, -8.000000 )
		Orientation Matrix33( 0.573576, 0.819152, 0.000000, -0.819152, 0.573576, 0.000000, 0.000000, 0.000000, 1.000000 )
		PlayerIndex Int -1
		# AIEntity
		Type String ''
		# RenderEntity
		Type String ''
		# PhysicsEntity
		Type String ''
		# CollisionEntity
		Type String ''
		# CustomInfoEntity
		Type String ''
	}
	ID Int 85
	Type String 'Island05'
	00000014 State
	{
		HasState Bool False 
		Position Vector3( -732.172180, -885.665833, -3.000000 )
		Orientation Matrix33( 0.974370, 0.224951, 0.000000, -0.224951, 0.974370, 0.000000, 0.000000, 0.000000, 1.000000 )
		PlayerIndex Int -1
		# AIEntity
		Type String ''
		# RenderEntity
		Type String ''
		# PhysicsEntity
		Type String ''
		# CollisionEntity
		Type String ''
		# CustomInfoEntity
		Type String ''
	}
	ID Int 86
	Type String 'Island06'
	00000014 State
	{
		HasState Bool False 
		Position Vector3( -707.342102, -826.016785, -1.000000 )
		Orientation Matrix33( 0.974370, 0.224951, 0.000000, -0.224951, 0.974370, 0.000000, 0.000000, 0.000000, 1.000000 )
		PlayerIndex Int -1
		# AIEntity
		Type String ''
		# RenderEntity
		Type String ''
		# PhysicsEntity
		Type String ''
		# CollisionEntity
		Type String ''
		# CustomInfoEntity
		Type String ''
	}
	ID Int 87
	Type String 'Ship_Target'
	00000014 State
	{
		HasState Bool False 
		Position Vector3( -33.418503, -276.403046, 0.000000 )
		Orientation Matrix33( -0.017452, -0.999848, 0.000000, 0.999848, -0.017452, 0.000000, 0.000000, 0.000000, 1.000000 )
		PlayerIndex Int 1
		# AIEntity
		Type String ''
		# RenderEntity
		Type String ''
		# PhysicsEntity
		Type String ''
		# CollisionEntity
		Type String ''
		# CustomInfoEntity
		Type String ''
	}
	ID Int 89
	Type String 'Ship_Navy_Tender_Wrecked'
	00000014 State
	{
		HasState Bool False 
		Position Vector3( 120.608078, -298.460815, 0.000000 )
		Orientation Matrix33( -0.484810, -0.874619, 0.000000, 0.874619, -0.484810, 0.000000, 0.000000, 0.000000, 1.000000 )
		PlayerIndex Int -1
		# AIEntity
		Type String ''
		# RenderEntity
		Type String ''
		# PhysicsEntity
		Type String ''
		# CollisionEntity
		Type String ''
		# CustomInfoEntity
		Type String ''
	}
	ID Int 91
	Type String 'Ship_Navy_Torpedo'
	00000014 State
	{
		HasState Bool False 
		Position Vector3( 663.050659, -263.266479, 0.000000 )
		Orientation Matrix33( 0.819152, -0.573577, 0.000000, 0.573577, 0.819152, 0.000000, 0.000000, 0.000000, 1.000000 )
		PlayerIndex Int 2
		# AIEntity
		Type String ''
		# RenderEntity
		Type String ''
		# PhysicsEntity
		Type String ''
		# CollisionEntity
		Type String ''
		# CustomInfoEntity
		Type String ''
	}
	ID Int 92
	Type String 'Ship_Navy_Tender'
	00000014 State
	{
		HasState Bool False 
		Position Vector3( 968.433167, -86.160637, 0.000000 )
		Orientation Matrix33( 1.000000, 0.000000, 0.000000, 0.000000, 1.000000, 0.000000, 0.000000, 0.000000, 1.000000 )
		PlayerIndex Int 2
		# AIEntity
		Type String ''
		# RenderEntity
		Type String ''
		# PhysicsEntity
		Type String ''
		# CollisionEntity
		Type String ''
		# CustomInfoEntity
		Type String ''
	}
	ID Int 94
	Type String 'Island11'
	00000014 State
	{
		HasState Bool False 
		Position Vector3( -334.439117, -723.226135, 0.000000 )
		Orientation Matrix33( 0.544640, 0.838671, 0.000000, -0.838671, 0.544640, 0.000000, 0.000000, 0.000000, 1.000000 )
		PlayerIndex Int -1
		# AIEntity
		Type String ''
		# RenderEntity
		Type String ''
		# PhysicsEntity
		Type String ''
		# CollisionEntity
		Type String ''
		# CustomInfoEntity
		Type String ''
	}
	ID Int 95
	Type String 'Island01'
	00000014 State
	{
		HasState Bool False 
		Position Vector3( -355.692902, -610.692810, -9.000000 )
		Orientation Matrix33( -0.882948, -0.469472, 0.000000, 0.469472, -0.882948, 0.000000, 0.000000, 0.000000, 1.000000 )
		PlayerIndex Int -1
		# AIEntity
		Type String ''
		# RenderEntity
		Type String ''
		# PhysicsEntity
		Type String ''
		# CollisionEntity
		Type String ''
		# CustomInfoEntity
		Type String ''
	}
	ID Int 96
	Type String 'Island14'
	00000014 State
	{
		HasState Bool False 
		Position Vector3( -277.642670, -777.316895, 2.000000 )
		Orientation Matrix33( 0.196355, 0.965987, 0.168277, -0.977318, 0.178923, 0.113296, 0.079334, -0.186707, 0.979207 )
		PlayerIndex Int -1
		# AIEntity
		Type String ''
		# RenderEntity
		Type String ''
		# PhysicsEntity
		Type String ''
		# CollisionEntity
		Type String ''
		# CustomInfoEntity
		Type String ''
	}
	ID Int 98
	Type String 'Ship_Civilian_Galleon_Wrecked'
	00000014 State
	{
		HasState Bool False 
		Position Vector3( 145.600922, -205.184311, 0.000000 )
		Orientation Matrix33( -0.325569, 0.945519, 0.000000, -0.945518, -0.325569, 0.000000, 0.000000, 0.000000, 1.000000 )
		PlayerIndex Int -1
		# AIEntity
		Type String ''
		# RenderEntity
		Type String ''
		# PhysicsEntity
		Type String ''
		# CollisionEntity
		Type String ''
		# CustomInfoEntity
		Type String ''
	}
	ID Int 99
	Type String 'Island02'
	00000014 State
	{
		HasState Bool False 
		Position Vector3( -228.927551, -849.294617, 4.000000 )
		Orientation Matrix33( -0.731354, 0.681998, 0.000000, -0.681998, -0.731354, 0.000000, 0.000000, 0.000000, 1.000000 )
		PlayerIndex Int -1
		# AIEntity
		Type String ''
		# RenderEntity
		Type String ''
		# PhysicsEntity
		Type String ''
		# CollisionEntity
		Type String ''
		# CustomInfoEntity
		Type String ''
	}
	ID Int 101
	Type String 'Ship_Navy_Cutter_Tutorial'
	00000014 State
	{
		HasState Bool False 
		Position Vector3( -234.992035, -338.306793, -0.000122 )
		Orientation Matrix33( 0.224952, -0.974370, 0.000000, 0.974370, 0.224952, 0.000000, 0.000000, 0.000000, 1.000000 )
		PlayerIndex Int 2
		# AIEntity
		Type String ''
		# RenderEntity
		Type String ''
		# PhysicsEntity
		Type String ''
		# CollisionEntity
		Type String ''
		# CustomInfoEntity
		Type String ''
	}
	ID Int 104
	Type String 'Ship_Navy_ManOWar'
	00000014 State
	{
		HasState Bool False 
		Position Vector3( 1097.728271, 819.246277, 0.000000 )
		Orientation Matrix33( -0.965926, 0.258819, 0.000000, -0.258819, -0.965926, 0.000000, 0.000000, 0.000000, 1.000000 )
		PlayerIndex Int 5
		# AIEntity
		Type String ''
		# RenderEntity
		Type String ''
		# PhysicsEntity
		Type String ''
		# CollisionEntity
		Type String ''
		# CustomInfoEntity
		Type String ''
	}
	ID Int 105
	Type String 'Ship_Navy_Frigate'
	00000014 State
	{
		HasState Bool False 
		Position Vector3( 1221.235229, 920.527649, 0.000000 )
		Orientation Matrix33( 0.898794, 0.438371, 0.000000, -0.438371, 0.898794, 0.000000, 0.000000, 0.000000, 1.000000 )
		PlayerIndex Int 2
		# AIEntity
		Type String ''
		# RenderEntity
		Type String ''
		# PhysicsEntity
		Type String ''
		# CollisionEntity
		Type String ''
		# CustomInfoEntity
		Type String ''
	}
	ID Int 107
	Type String 'Ship_Navy_Sloop'
	00000014 State
	{
		HasState Bool False 
		Position Vector3( 1278.692993, 990.023071, 0.000000 )
		Orientation Matrix33( -0.999391, -0.034899, 0.000000, 0.034899, -0.999391, 0.000000, 0.000000, 0.000000, 1.000000 )
		PlayerIndex Int 2
		# AIEntity
		Type String ''
		# RenderEntity
		Type String ''
		# PhysicsEntity
		Type String ''
		# CollisionEntity
		Type String ''
		# CustomInfoEntity
		Type String ''
	}
	ID Int 109
	Type String 'Ship_Navy_Cutter'
	00000014 State
	{
		HasState Bool False 
		Position Vector3( 981.860779, 1018.656189, 0.000000 )
		Orientation Matrix33( -0.874620, 0.484810, 0.000000, -0.484810, -0.874620, 0.000000, 0.000000, 0.000000, 1.000000 )
		PlayerIndex Int 2
		# AIEntity
		Type String ''
		# RenderEntity
		Type String ''
		# PhysicsEntity
		Type String ''
		# CollisionEntity
		Type String ''
		# CustomInfoEntity
		Type String ''
	}
	ID Int 110
	Type String 'Island_Mega_03_tutorial'
	00000014 State
	{
		HasState Bool False 
		Position Vector3( 24.999338, -26.441143, 13.000000 )
		Orientation Matrix33( 1.000000, 0.000000, 0.000000, 0.000000, 1.000000, 0.000000, 0.000000, 0.000000, 1.000000 )
		PlayerIndex Int -1
		# AIEntity
		Type String ''
		# RenderEntity
		Type String ''
		# PhysicsEntity
		Type String ''
		# CollisionEntity
		Type String ''
		# CustomInfoEntity
		Type String ''
	}
	ID Int 111
	Type String 'Base_PortIvy'
	00000014 State
	{
		HasState Bool False 
		Position Vector3( 1165.755615, 1226.306885, 3.000244 )
		Orientation Matrix33( 0.974370, -0.224950, 0.000000, 0.224950, 0.974370, 0.000000, 0.000000, 0.000000, 1.000000 )
		PlayerIndex Int -1
		# AIEntity
		Type String ''
		# RenderEntity
		Type String ''
		# PhysicsEntity
		Type String ''
		# CollisionEntity
		Type String ''
		# CustomInfoEntity
		Type String ''
	}
	ID Int 112
	Type String 'Ship_Navy_Torpedo_Tutorial'
	00000014 State
	{
		HasState Bool False 
		Position Vector3( -1316.684570, -1407.830078, 0.000000 )
		Orientation Matrix33( 0.358369, -0.933581, 0.000000, 0.933581, 0.358369, 0.000000, 0.000000, 0.000000, 1.000000 )
		PlayerIndex Int 0
		# AIEntity
		Type String ''
		# RenderEntity
		Type String ''
		# PhysicsEntity
		Type String ''
		# CollisionEntity
		Type String ''
		# CustomInfoEntity
		Type String ''
	}
	ID Int 113
	Type String 'Ship_Navy_Tug'
	00000014 State
	{
		HasState Bool False 
		Position Vector3( -870.910034, -1163.609863, 0.000000 )
		Orientation Matrix33( -0.325570, 0.945522, 0.000000, -0.945522, -0.325569, 0.000000, 0.000000, 0.000000, 1.000000 )
		PlayerIndex Int 4
		# AIEntity
		Type String ''
		# RenderEntity
		Type String ''
		# PhysicsEntity
		Type String ''
		# CollisionEntity
		Type String ''
		# CustomInfoEntity
		Type String ''
	}
	ID Int 114
	Type String 'Ship_Navy_Weapon_Barge'
	00000014 State
	{
		HasState Bool False 
		Position Vector3( -846.905884, -1154.943359, 0.000031 )
		Orientation Matrix33( -0.342022, 0.939696, 0.000000, -0.939695, -0.342022, 0.000000, 0.000000, 0.000000, 1.000000 )
		PlayerIndex Int 4
		# AIEntity
		Type String ''
		# RenderEntity
		Type String ''
		# PhysicsEntity
		Type String ''
		# CollisionEntity
		Type String ''
		# CustomInfoEntity
		Type String ''
	}
	ID Int 115
	Type String 'Animal_SpaceMantaray'
	00000014 State
	{
		HasState Bool False 
		Position Vector3( -236.276352, -321.044952, 36.999878 )
		Orientation Matrix33( -0.951057, 0.309017, 0.000000, -0.309017, -0.951057, 0.000000, 0.000000, 0.000000, 1.000000 )
		PlayerIndex Int -1
		# AIEntity
		Type String ''
		# RenderEntity
		Type String ''
		# PhysicsEntity
		Type String ''
		# CollisionEntity
		Type String ''
		# CustomInfoEntity
		Type String ''
	}
	ID Int 116
	Type String 'Animal_SpaceMantaray'
	00000014 State
	{
		HasState Bool False 
		Position Vector3( -240.127182, -350.247284, 37.000122 )
		Orientation Matrix33( -0.951057, 0.309017, 0.000000, -0.309017, -0.951057, 0.000000, 0.000000, 0.000000, 1.000000 )
		PlayerIndex Int -1
		# AIEntity
		Type String ''
		# RenderEntity
		Type String ''
		# PhysicsEntity
		Type String ''
		# CollisionEntity
		Type String ''
		# CustomInfoEntity
		Type String ''
	}
	ID Int 117
	Type String 'Animal_SpaceMantaray'
	00000014 State
	{
		HasState Bool False 
		Position Vector3( -255.102005, -360.576935, 37.000000 )
		Orientation Matrix33( -0.951057, 0.309017, 0.000000, -0.309017, -0.951057, 0.000000, 0.000000, 0.000000, 1.000000 )
		PlayerIndex Int -1
		# AIEntity
		Type String ''
		# RenderEntity
		Type String ''
		# PhysicsEntity
		Type String ''
		# CollisionEntity
		Type String ''
		# CustomInfoEntity
		Type String ''
	}
	ID Int 118
	Type String 'Animal_SpaceMantaray'
	00000014 State
	{
		HasState Bool False 
		Position Vector3( -243.260574, -368.327850, 37.000000 )
		Orientation Matrix33( -0.951057, 0.309017, 0.000000, -0.309017, -0.951057, 0.000000, 0.000000, 0.000000, 1.000000 )
		PlayerIndex Int -1
		# AIEntity
		Type String ''
		# RenderEntity
		Type String ''
		# PhysicsEntity
		Type String ''
		# CollisionEntity
		Type String ''
		# CustomInfoEntity
		Type String ''
	}
	ID Int 119
	Type String 'Animal_SpaceMantaray'
	00000014 State
	{
		HasState Bool False 
		Position Vector3( -243.983322, -340.742828, 37.000000 )
		Orientation Matrix33( -0.951057, 0.309017, 0.000000, -0.309017, -0.951057, 0.000000, 0.000000, 0.000000, 1.000000 )
		PlayerIndex Int -1
		# AIEntity
		Type String ''
		# RenderEntity
		Type String ''
		# PhysicsEntity
		Type String ''
		# CollisionEntity
		Type String ''
		# CustomInfoEntity
		Type String ''
	}
	ID Int 120
	Type String 'Animal_SpaceMantaray'
	00000014 State
	{
		HasState Bool False 
		Position Vector3( -256.695343, -376.988312, 37.000000 )
		Orientation Matrix33( -0.951057, 0.309017, 0.000000, -0.309017, -0.951057, 0.000000, 0.000000, 0.000000, 1.000000 )
		PlayerIndex Int -1
		# AIEntity
		Type String ''
		# RenderEntity
		Type String ''
		# PhysicsEntity
		Type String ''
		# CollisionEntity
		Type String ''
		# CustomInfoEntity
		Type String ''
	}
	ID Int 124
	Type String 'Island05'
	00000014 State
	{
		HasState Bool False 
		Position Vector3( -1247.688965, -1513.404297, 0.000000 )
		Orientation Matrix33( 0.933581, 0.358369, 0.000000, -0.358369, 0.933581, 0.000000, 0.000000, 0.000000, 1.000000 )
		PlayerIndex Int -1
		# AIEntity
		Type String ''
		# RenderEntity
		Type String ''
		# PhysicsEntity
		Type String ''
		# CollisionEntity
		Type String ''
		# CustomInfoEntity
		Type String ''
	}
	ID Int 125
	Type String 'Island06'
	00000014 State
	{
		HasState Bool False 
		Position Vector3( -1483.106812, -1548.667114, 0.000000 )
		Orientation Matrix33( 0.731354, -0.681999, 0.000000, 0.681999, 0.731354, 0.000000, 0.000000, 0.000000, 1.000000 )
		PlayerIndex Int -1
		# AIEntity
		Type String ''
		# RenderEntity
		Type String ''
		# PhysicsEntity
		Type String ''
		# CollisionEntity
		Type String ''
		# CustomInfoEntity
		Type String ''
	}
	ID Int 126
	Type String 'Island09'
	00000014 State
	{
		HasState Bool False 
		Position Vector3( -1297.977173, -1469.194458, 0.000000 )
		Orientation Matrix33( -0.052336, -0.998631, 0.000000, 0.998631, -0.052336, 0.000000, 0.000000, 0.000000, 1.000000 )
		PlayerIndex Int -1
		# AIEntity
		Type String ''
		# RenderEntity
		Type String ''
		# PhysicsEntity
		Type String ''
		# CollisionEntity
		Type String ''
		# CustomInfoEntity
		Type String ''
	}
	ID Int 127
	Type String 'Island10'
	00000014 State
	{
		HasState Bool False 
		Position Vector3( -1375.103882, -1476.030396, 0.000000 )
		Orientation Matrix33( 0.325568, -0.945519, 0.000000, 0.945519, 0.325568, 0.000000, 0.000000, 0.000000, 1.000000 )
		PlayerIndex Int -1
		# AIEntity
		Type String ''
		# RenderEntity
		Type String ''
		# PhysicsEntity
		Type String ''
		# CollisionEntity
		Type String ''
		# CustomInfoEntity
		Type String ''
	}
	ID Int 128
	Type String 'Island_Small01'
	00000014 State
	{
		HasState Bool False 
		Position Vector3( -1445.605225, -1508.149780, 0.000000 )
		Orientation Matrix33( 0.731354, -0.681999, 0.000000, 0.681999, 0.731354, 0.000000, 0.000000, 0.000000, 1.000000 )
		PlayerIndex Int -1
		# AIEntity
		Type String ''
		# RenderEntity
		Type String ''
		# PhysicsEntity
		Type String ''
		# CollisionEntity
		Type String ''
		# CustomInfoEntity
		Type String ''
	}
	ID Int 133
	Type String 'Ship_Navy_Torpedo'
	00000014 State
	{
		HasState Bool False 
		Position Vector3( 1368.796631, 865.777588, 0.000000 )
		Orientation Matrix33( -0.656060, 0.754710, 0.000000, -0.754710, -0.656060, 0.000000, 0.000000, 0.000000, 1.000000 )
		PlayerIndex Int 6
		# AIEntity
		Type String ''
		# RenderEntity
		Type String ''
		# PhysicsEntity
		Type String ''
		# CollisionEntity
		Type String ''
		# CustomInfoEntity
		Type String ''
	}
	ID Int 134
	Type String 'Ship_Navy_Torpedo'
	00000014 State
	{
		HasState Bool False 
		Position Vector3( 1387.924438, 869.232605, 0.000000 )
		Orientation Matrix33( -0.656060, 0.754710, 0.000000, -0.754710, -0.656060, 0.000000, 0.000000, 0.000000, 1.000000 )
		PlayerIndex Int 6
		# AIEntity
		Type String ''
		# RenderEntity
		Type String ''
		# PhysicsEntity
		Type String ''
		# CollisionEntity
		Type String ''
		# CustomInfoEntity
		Type String ''
	}
	ID Int 135
	Type String 'Ship_Navy_Torpedo'
	00000014 State
	{
		HasState Bool False 
		Position Vector3( 1386.464355, 886.799683, -0.000031 )
		Orientation Matrix33( -0.656060, 0.754710, 0.000000, -0.754710, -0.656060, 0.000000, 0.000000, 0.000000, 1.000000 )
		PlayerIndex Int 6
		# AIEntity
		Type String ''
		# RenderEntity
		Type String ''
		# PhysicsEntity
		Type String ''
		# CollisionEntity
		Type String ''
		# CustomInfoEntity
		Type String ''
	}
	ID Int 136
	Type String 'Island06'
	00000014 State
	{
		HasState Bool False 
		Position Vector3( -400.143036, -560.593506, -0.000031 )
		Orientation Matrix33( 1.000000, 0.000000, 0.000000, 0.000000, 1.000000, 0.000000, 0.000000, 0.000000, 1.000000 )
		PlayerIndex Int -1
		# AIEntity
		Type String ''
		# RenderEntity
		Type String ''
		# PhysicsEntity
		Type String ''
		# CollisionEntity
		Type String ''
		# CustomInfoEntity
		Type String ''
	}
	ID Int 139
	Type String 'Ship_Navy_FastFrigate'
	00000014 State
	{
		HasState Bool False 
		Position Vector3( 876.643127, 701.383972, 0.000000 )
		Orientation Matrix33( -0.801982, -0.597348, 0.000000, 0.597348, -0.801982, 0.000000, 0.000000, 0.000000, 1.000000 )
		PlayerIndex Int 8
		# AIEntity
		Type String ''
		# RenderEntity
		Type String ''
		# PhysicsEntity
		Type String ''
		# CollisionEntity
		Type String ''
		# CustomInfoEntity
		Type String ''
	}
	ID Int 140
	Type String 'Ship_Navy_FastFrigate'
	00000014 State
	{
		HasState Bool False 
		Position Vector3( 891.485168, 746.210205, 0.000000 )
		Orientation Matrix33( -0.801982, -0.597348, 0.000000, 0.597348, -0.801982, 0.000000, 0.000000, 0.000000, 1.000000 )
		PlayerIndex Int 8
		# AIEntity
		Type String ''
		# RenderEntity
		Type String ''
		# PhysicsEntity
		Type String ''
		# CollisionEntity
		Type String ''
		# CustomInfoEntity
		Type String ''
	}
	ID Int 141
	Type String 'Ship_Navy_FastFrigate'
	00000014 State
	{
		HasState Bool False 
		Position Vector3( 829.443970, 699.999451, 0.000000 )
		Orientation Matrix33( -0.801982, -0.597348, 0.000000, 0.597348, -0.801982, 0.000000, 0.000000, 0.000000, 1.000000 )
		PlayerIndex Int 8
		# AIEntity
		Type String ''
		# RenderEntity
		Type String ''
		# PhysicsEntity
		Type String ''
		# CollisionEntity
		Type String ''
		# CustomInfoEntity
		Type String ''
	}
	00007335 GameSpecific
	{
		World Description Sting ID String 'IDGS_TPWORLDDESCRIPTION_SAMPLE'
		World Name Sting ID String 'IDGS_TPWORLDNAMES_TUTORIAL'
		00000001 Effect Event Keeper
		{
			NumEffectEventInfoChunks Int 0
		}
		Skybox mesh name String 'skybox_13_Layer1'
		Ambient Light Colour( 0.392200, 0.392200, 0.392200, 1.000000 )
		Vector for roof light orientation Vector3( -0.960971, -0.028077, -0.275220 )
		Hemispherical floor light color Colour( 0.129400, 0.113700, 0.352900, 1.000000 )
		Hemispherical roof light color Colour( 0.745100, 0.949000, 0.988200, 1.000000 )
		World Initialized State Bool False 
		World Buffer Size Float 700.000000
		Waypoint Path Info Vector - Size Int 9
		00000004 Waypoint Path Info Vector - Element
		{
			Waypoint Path Name String 'Intrepid Path Away From Target Barge'
			Waypoint Path Points - Size Int 2
			Waypoint Path Points - Element Vector3( 85.409386, -400.998932, 0.999878 )
			Waypoint Path Points - Element Vector3( 133.246841, -461.538940, 1.000000 )
		}
		00000012 Waypoint Path Info Vector - Element
		{
			Waypoint Path Name String 'End NIS'
			Waypoint Path Points - Size Int 10
			Waypoint Path Points - Element Vector3( 1092.234009, 901.797607, 17.000000 )
			Waypoint Path Points - Element Vector3( 1141.499268, 1089.260620, 23.000000 )
			Waypoint Path Points - Element Vector3( 1161.224976, 1184.944946, 38.000000 )
			Waypoint Path Points - Element Vector3( 1165.961304, 1208.360596, 45.000000 )
			Waypoint Path Points - Element Vector3( 1162.228149, 1231.679688, 56.000000 )
			Waypoint Path Points - Element Vector3( 1123.738403, 1247.080688, 72.000000 )
			Waypoint Path Points - Element Vector3( 1078.112183, 1238.174683, 78.000000 )
			Waypoint Path Points - Element Vector3( 1049.101318, 1220.942993, 84.000000 )
			Waypoint Path Points - Element Vector3( 1036.936768, 1195.647827, 77.000000 )
			Waypoint Path Points - Element Vector3( 1066.858521, 1012.934814, 22.000000 )
		}
		00000004 Waypoint Path Info Vector - Element
		{
			Waypoint Path Name String 'Tug & Barge'
			Waypoint Path Points - Size Int 2
			Waypoint Path Points - Element Vector3( -1387.639038, -1280.997925, 0.000000 )
			Waypoint Path Points - Element Vector3( -2321.708740, -1957.832642, 0.000000 )
		}
		00000007 Waypoint Path Info Vector - Element
		{
			Waypoint Path Name String 'Man-O-War Leaving Ivy'
			Waypoint Path Points - Size Int 5
			Waypoint Path Points - Element Vector3( 1065.535034, 694.268982, 0.000000 )
			Waypoint Path Points - Element Vector3( 876.302368, 18.257357, 0.000000 )
			Waypoint Path Points - Element Vector3( 905.403381, -73.884628, 0.000000 )
			Waypoint Path Points - Element Vector3( 1376.725098, -501.059937, 2.000000 )
			Waypoint Path Points - Element Vector3( 2342.698975, -1104.460083, 2.000000 )
		}
		00000006 Waypoint Path Info Vector - Element
		{
			Waypoint Path Name String 'FF Leaving Ivy'
			Waypoint Path Points - Size Int 4
			Waypoint Path Points - Element Vector3( 954.633667, 607.290344, 0.000000 )
			Waypoint Path Points - Element Vector3( 1033.812500, 509.400574, -1.000000 )
			Waypoint Path Points - Element Vector3( 1337.024658, 158.092804, 0.000000 )
			Waypoint Path Points - Element Vector3( 2319.383057, -292.988098, 0.000000 )
		}
		00000021 Waypoint Path Info Vector - Element
		{
			Waypoint Path Name String 'Mantaray Path'
			Waypoint Path Points - Size Int 19
			Waypoint Path Points - Element Vector3( -259.057983, -391.022888, 26.000000 )
			Waypoint Path Points - Element Vector3( -296.785736, -540.339050, 28.000244 )
			Waypoint Path Points - Element Vector3( -310.083008, -625.738037, 26.000000 )
			Waypoint Path Points - Element Vector3( -324.697754, -703.677856, 26.000000 )
			Waypoint Path Points - Element Vector3( -319.935852, -811.574341, 26.000244 )
			Waypoint Path Points - Element Vector3( -293.180603, -889.324585, 26.000000 )
			Waypoint Path Points - Element Vector3( -226.448822, -960.352417, 26.000244 )
			Waypoint Path Points - Element Vector3( -143.380997, -1027.519043, 26.000000 )
			Waypoint Path Points - Element Vector3( -35.101715, -1043.309204, 10.000000 )
			Waypoint Path Points - Element Vector3( 76.719398, -980.058838, 10.000000 )
			Waypoint Path Points - Element Vector3( 219.536316, -856.756897, 10.000000 )
			Waypoint Path Points - Element Vector3( 261.892517, -753.669800, 10.000000 )
			Waypoint Path Points - Element Vector3( 255.546799, -621.909668, 10.000000 )
			Waypoint Path Points - Element Vector3( 170.300415, -498.192078, 10.000000 )
			Waypoint Path Points - Element Vector3( 75.357742, -466.729279, 10.000000 )
			Waypoint Path Points - Element Vector3( -13.886158, -508.208374, 10.000000 )
			Waypoint Path Points - Element Vector3( -53.355831, -598.580505, 10.000000 )
			Waypoint Path Points - Element Vector3( -59.202789, -722.382019, 10.000000 )
			Waypoint Path Points - Element Vector3( 97.074165, -2162.903076, 26.000000 )
		}
		00000007 Waypoint Path Info Vector - Element
		{
			Waypoint Path Name String 'Opening NIS'
			Waypoint Path Points - Size Int 5
			Waypoint Path Points - Element Vector3( 107.861839, -468.554077, 30.000000 )
			Waypoint Path Points - Element Vector3( -254.856888, -681.180969, 32.000000 )
			Waypoint Path Points - Element Vector3( -370.358490, -756.920044, 24.000000 )
			Waypoint Path Points - Element Vector3( -774.995605, -1031.176270, 17.000000 )
			Waypoint Path Points - Element Vector3( -1295.231812, -1391.239258, 3.000000 )
		}
		00000006 Waypoint Path Info Vector - Element
		{
			Waypoint Path Name String 'Torpedo Boats Leave Ivy'
			Waypoint Path Points - Size Int 4
			Waypoint Path Points - Element Vector3( 1279.338135, 795.098633, 0.000000 )
			Waypoint Path Points - Element Vector3( 1159.096191, 742.792969, 0.000000 )
			Waypoint Path Points - Element Vector3( -1258.464355, 834.973511, 0.000488 )
			Waypoint Path Points - Element Vector3( -2323.746338, 588.198547, 0.000000 )
		}
		00000006 Waypoint Path Info Vector - Element
		{
			Waypoint Path Name String 'Re-Position NIS Camera'
			Waypoint Path Points - Size Int 4
			Waypoint Path Points - Element Vector3( -1313.847900, -1385.744141, 2.000000 )
			Waypoint Path Points - Element Vector3( -1332.754028, -1383.970459, 1.000000 )
			Waypoint Path Points - Element Vector3( -1349.163086, -1397.223877, 0.000031 )
			Waypoint Path Points - Element Vector3( -1347.808838, -1418.881104, 2.999969 )
		}
		World Polygons Vectors - Size Int 17
		00000011 World Polygons Vectors - Element
		{
			Name String 'Lighthouse Trigger Volume'
			Points Int 9
			Points Coord( -720.583618, -871.577820 )
			Points Coord( -661.466492, -887.813110 )
			Points Coord( -622.442322, -941.191528 )
			Points Coord( -626.932373, -1003.552795 )
			Points Coord( -695.107300, -1044.278564 )
			Points Coord( -758.611694, -1037.497192 )
			Points Coord( -798.310120, -992.081177 )
			Points Coord( -804.280029, -929.185486 )
			Points Coord( -769.417419, -883.404907 )
		}
		00000009 World Polygons Vectors - Element
		{
			Name String 'Tip Of Island Spotted'
			Points Int 7
			Points Coord( -359.753387, -460.452911 )
			Points Coord( -284.603485, -441.734467 )
			Points Coord( -34.019756, -875.693420 )
			Points Coord( 284.960541, -711.098267 )
			Points Coord( 319.832520, -771.005371 )
			Points Coord( -2.303324, -952.895203 )
			Points Coord( -83.970535, -936.081726 )
		}
		00000011 World Polygons Vectors - Element
		{
			Name String 'Player Reaches Tip of Island'
			Points Int 9
			Points Coord( 172.612503, -273.744202 )
			Points Coord( 297.570099, -434.230469 )
			Points Coord( 218.279999, -512.007324 )
			Points Coord( 153.322296, -531.515808 )
			Points Coord( 93.747292, -510.962158 )
			Points Coord( 54.033463, -473.399414 )
			Points Coord( 35.910240, -417.641327 )
			Points Coord( 42.579300, -361.468109 )
			Points Coord( 102.544998, -290.841614 )
		}
		00000008 World Polygons Vectors - Element
		{
			Name String 'Torp in Distress Trigger A'
			Points Int 6
			Points Coord( 322.962006, -484.887695 )
			Points Coord( 352.682587, -473.167114 )
			Points Coord( 406.097595, -591.927612 )
			Points Coord( 266.011810, -639.039490 )
			Points Coord( 247.551407, -608.110229 )
			Points Coord( 363.803589, -574.520325 )
		}
		00000014 World Polygons Vectors - Element
		{
			Name String 'Player Finds Torp in Distress'
			Points Int 12
			Points Coord( 465.657990, -250.449005 )
			Points Coord( 516.954590, -173.399002 )
			Points Coord( 584.659912, -125.085701 )
			Points Coord( 669.434570, -108.922501 )
			Points Coord( 756.169983, -140.222397 )
			Points Coord( 833.711426, -210.172302 )
			Points Coord( 839.126221, -328.689911 )
			Points Coord( 790.599487, -419.822998 )
			Points Coord( 729.699585, -539.704956 )
			Points Coord( 605.053040, -536.751709 )
			Points Coord( 480.932068, -482.521667 )
			Points Coord( 461.209412, -356.850189 )
		}
		00000012 World Polygons Vectors - Element
		{
			Name String 'Player Finds Navy Tender'
			Points Int 10
			Points Coord( 876.344421, -0.419772 )
			Points Coord( 935.228943, 32.399677 )
			Points Coord( 1021.176208, 34.107822 )
			Points Coord( 1091.853271, -10.344349 )
			Points Coord( 1108.902588, -100.607964 )
			Points Coord( 1081.240356, -184.184143 )
			Points Coord( 1008.997559, -207.856369 )
			Points Coord( 933.765930, -203.545135 )
			Points Coord( 869.353821, -173.605682 )
			Points Coord( 845.648926, -91.204697 )
		}
		00000014 World Polygons Vectors - Element
		{
			Name String 'Port Ivy Trigger'
			Points Int 12
			Points Coord( 861.887390, 1151.995239 )
			Points Coord( 1467.147705, 978.513367 )
			Points Coord( 1428.490234, 869.168823 )
			Points Coord( 1375.372314, 759.661133 )
			Points Coord( 1321.239136, 675.970459 )
			Points Coord( 1250.993164, 614.354797 )
			Points Coord( 1139.149658, 595.456177 )
			Points Coord( 1010.971130, 611.859253 )
			Points Coord( 919.803528, 655.403748 )
			Points Coord( 848.638611, 722.444031 )
			Points Coord( 815.946106, 830.609314 )
			Points Coord( 827.513306, 994.812012 )
		}
		00000018 World Polygons Vectors - Element
		{
			Name String 'Out Of Bounds 1'
			Points Int 16
			Points Coord( -2621.287842, 2603.544189 )
			Points Coord( 2579.938721, 2608.385010 )
			Points Coord( 2568.894531, 1689.067261 )
			Points Coord( 539.282715, 1609.779907 )
			Points Coord( 259.027588, 461.577637 )
			Points Coord( -498.963593, 295.636505 )
			Points Coord( -1193.393799, -728.099426 )
			Points Coord( -1503.951050, -1142.605347 )
			Points Coord( -1576.997803, -1326.732178 )
			Points Coord( -1601.587769, -1461.787720 )
			Points Coord( -1543.166382, -1616.298218 )
			Points Coord( -1441.046631, -1687.104980 )
			Points Coord( -1306.785767, -1701.856079 )
			Points Coord( -998.095398, -1628.313965 )
			Points Coord( -965.058533, -2622.568359 )
			Points Coord( -2591.187500, -2610.936035 )
		}
		00000012 World Polygons Vectors - Element
		{
			Name String 'Out of Bounds 2'
			Points Int 10
			Points Coord( -1016.829407, -2586.743652 )
			Points Coord( -1019.891052, -1636.739990 )
			Points Coord( 396.968689, -1240.978760 )
			Points Coord( 806.434082, -937.249878 )
			Points Coord( 1041.361084, -687.685913 )
			Points Coord( 1402.327271, -409.449524 )
			Points Coord( 1669.812500, 169.015533 )
			Points Coord( 1777.149170, 803.289185 )
			Points Coord( 2557.249512, 801.752380 )
			Points Coord( 2581.151855, -2604.489258 )
		}
		00000006 World Polygons Vectors - Element
		{
			Name String 'Formations Speech Event Trigger'
			Points Int 4
			Points Coord( 378.618713, 533.207336 )
			Points Coord( 1935.572510, 530.095276 )
			Points Coord( 1924.119873, 102.980263 )
			Points Coord( 467.750092, 93.763649 )
		}
		00000012 World Polygons Vectors - Element
		{
			Name String 'Player Wander @ Start'
			Points Int 10
			Points Coord( -1350.957520, -1347.386963 )
			Points Coord( -1302.949707, -1337.496094 )
			Points Coord( -1266.353149, -1357.791382 )
			Points Coord( -1250.797485, -1397.721069 )
			Points Coord( -1257.701538, -1437.854248 )
			Points Coord( -1290.841675, -1462.120361 )
			Points Coord( -1334.929321, -1464.080811 )
			Points Coord( -1369.135864, -1455.042114 )
			Points Coord( -1391.989136, -1420.471680 )
			Points Coord( -1384.559570, -1380.834351 )
		}
		00000007 World Polygons Vectors - Element
		{
			Name String 'Tug & Barge Trigger'
			Points Int 5
			Points Coord( -1348.211304, -859.230652 )
			Points Coord( -906.695068, -1651.267090 )
			Points Coord( -958.281494, -1672.749268 )
			Points Coord( -1145.051147, -1291.545410 )
			Points Coord( -1393.673706, -897.125000 )
		}
		00000017 World Polygons Vectors - Element
		{
			Name String 'Man_O_War Leaving Ivy'
			Points Int 15
			Points Coord( 569.126892, 295.970947 )
			Points Coord( 764.115906, 217.113083 )
			Points Coord( 901.619507, 168.393875 )
			Points Coord( 1063.002075, 131.812576 )
			Points Coord( 1235.028809, 114.015854 )
			Points Coord( 1475.564819, 140.101883 )
			Points Coord( 1750.152222, 198.438095 )
			Points Coord( 1807.922363, 111.886505 )
			Points Coord( 1514.034790, 42.622108 )
			Points Coord( 1298.090088, 18.340714 )
			Points Coord( 1146.685547, 10.964746 )
			Points Coord( 973.399902, 31.160025 )
